/*--------------------------------*- C++ -*----------------------------------*\
  =========                 |
  \\      /  F ield         | OpenFOAM: The Open Source CFD Toolbox
   \\    /   O peration     | Website:  https://openfoam.org
    \\  /    A nd           | Version:  10
     \\/     M anipulation  |
\*---------------------------------------------------------------------------*/
FoamFile
{
    format      ascii;
    class       cellSet;
    location    "constant/polyMesh/sets";
    object      dyke_region;
}
// * * * * * * * * * * * * * * * * * * * * * * * * * * * * * * * * * * * * * //


1800
(
20497 
20498 
20499 
20500 
20501 
20502 
28697 
28698 
28699 
28700 
28701 
28702 
36897 
36898 
36899 
36900 
36901 
36902 
45097 
45098 
45099 
45100 
45101 
45102 
53297 
53298 
53299 
53300 
53301 
53302 
61497 
61498 
61499 
61500 
61501 
61502 
69697 
69698 
69699 
69700 
69701 
69702 
77897 
77898 
77899 
77900 
77901 
77902 
24697 
24698 
24699 
24700 
24701 
24702 
32897 
32898 
32899 
32900 
32901 
32902 
41097 
41098 
41099 
41100 
41101 
41102 
49297 
49298 
49299 
49300 
49301 
49302 
57497 
57498 
57499 
57500 
57501 
57502 
65697 
65698 
65699 
65700 
65701 
65702 
73897 
73898 
73899 
73900 
73901 
73902 
20697 
20698 
20699 
20700 
20701 
20702 
28897 
28898 
28899 
28900 
28901 
28902 
37097 
37098 
37099 
37100 
37101 
37102 
45297 
45298 
45299 
45300 
45301 
45302 
53497 
53498 
53499 
53500 
53501 
53502 
61697 
61698 
61699 
61700 
61701 
61702 
69897 
69898 
69899 
69900 
69901 
69902 
78097 
78098 
78099 
78100 
78101 
78102 
24897 
24898 
24899 
24900 
24901 
24902 
33097 
33098 
33099 
33100 
33101 
33102 
41297 
41298 
41299 
41300 
41301 
41302 
49497 
49498 
49499 
49500 
49501 
49502 
57697 
57698 
57699 
57700 
57701 
57702 
65897 
65898 
65899 
65900 
65901 
65902 
74097 
74098 
74099 
74100 
74101 
74102 
20897 
20898 
20899 
20900 
20901 
20902 
29097 
29098 
29099 
29100 
29101 
29102 
37297 
37298 
37299 
37300 
37301 
37302 
45497 
45498 
45499 
45500 
45501 
45502 
53697 
53698 
53699 
53700 
53701 
53702 
61897 
61898 
61899 
61900 
61901 
61902 
70097 
70098 
70099 
70100 
70101 
70102 
78297 
78298 
78299 
78300 
78301 
78302 
25097 
25098 
25099 
25100 
25101 
25102 
33297 
33298 
33299 
33300 
33301 
33302 
41497 
41498 
41499 
41500 
41501 
41502 
49697 
49698 
49699 
49700 
49701 
49702 
57897 
57898 
57899 
57900 
57901 
57902 
66097 
66098 
66099 
66100 
66101 
66102 
74297 
74298 
74299 
74300 
74301 
74302 
21097 
21098 
21099 
21100 
21101 
21102 
29297 
29298 
29299 
29300 
29301 
29302 
37497 
37498 
37499 
37500 
37501 
37502 
45697 
45698 
45699 
45700 
45701 
45702 
53897 
53898 
53899 
53900 
53901 
53902 
62097 
62098 
62099 
62100 
62101 
62102 
70297 
70298 
70299 
70300 
70301 
70302 
78497 
78498 
78499 
78500 
78501 
78502 
25297 
25298 
25299 
25300 
25301 
25302 
33497 
33498 
33499 
33500 
33501 
33502 
41697 
41698 
41699 
41700 
41701 
41702 
49897 
49898 
49899 
49900 
49901 
49902 
58097 
58098 
58099 
58100 
58101 
58102 
66297 
66298 
66299 
66300 
66301 
66302 
74497 
74498 
74499 
74500 
74501 
74502 
21297 
21298 
21299 
21300 
21301 
21302 
29497 
29498 
29499 
29500 
29501 
29502 
37697 
37698 
37699 
37700 
37701 
37702 
45897 
45898 
45899 
45900 
45901 
45902 
54097 
54098 
54099 
54100 
54101 
54102 
62297 
62298 
62299 
62300 
62301 
62302 
70497 
70498 
70499 
70500 
70501 
70502 
78697 
78698 
78699 
78700 
78701 
78702 
25497 
25498 
25499 
25500 
25501 
25502 
33697 
33698 
33699 
33700 
33701 
33702 
41897 
41898 
41899 
41900 
41901 
41902 
50097 
50098 
50099 
50100 
50101 
50102 
58297 
58298 
58299 
58300 
58301 
58302 
66497 
66498 
66499 
66500 
66501 
66502 
74697 
74698 
74699 
74700 
74701 
74702 
21497 
21498 
21499 
21500 
21501 
21502 
29697 
29698 
29699 
29700 
29701 
29702 
37897 
37898 
37899 
37900 
37901 
37902 
46097 
46098 
46099 
46100 
46101 
46102 
54297 
54298 
54299 
54300 
54301 
54302 
62497 
62498 
62499 
62500 
62501 
62502 
70697 
70698 
70699 
70700 
70701 
70702 
78897 
78898 
78899 
78900 
78901 
78902 
25697 
25698 
25699 
25700 
25701 
25702 
33897 
33898 
33899 
33900 
33901 
33902 
42097 
42098 
42099 
42100 
42101 
42102 
50297 
50298 
50299 
50300 
50301 
50302 
58497 
58498 
58499 
58500 
58501 
58502 
66697 
66698 
66699 
66700 
66701 
66702 
74897 
74898 
74899 
74900 
74901 
74902 
21697 
21698 
21699 
21700 
21701 
21702 
29897 
29898 
29899 
29900 
29901 
29902 
38097 
38098 
38099 
38100 
38101 
38102 
46297 
46298 
46299 
46300 
46301 
46302 
54497 
54498 
54499 
54500 
54501 
54502 
62697 
62698 
62699 
62700 
62701 
62702 
70897 
70898 
70899 
70900 
70901 
70902 
79097 
79098 
79099 
79100 
79101 
79102 
25897 
25898 
25899 
25900 
25901 
25902 
34097 
34098 
34099 
34100 
34101 
34102 
42297 
42298 
42299 
42300 
42301 
42302 
50497 
50498 
50499 
50500 
50501 
50502 
58697 
58698 
58699 
58700 
58701 
58702 
66897 
66898 
66899 
66900 
66901 
66902 
75097 
75098 
75099 
75100 
75101 
75102 
21897 
21898 
21899 
21900 
21901 
21902 
30097 
30098 
30099 
30100 
30101 
30102 
38297 
38298 
38299 
38300 
38301 
38302 
46497 
46498 
46499 
46500 
46501 
46502 
54697 
54698 
54699 
54700 
54701 
54702 
62897 
62898 
62899 
62900 
62901 
62902 
71097 
71098 
71099 
71100 
71101 
71102 
79297 
79298 
79299 
79300 
79301 
79302 
26097 
26098 
26099 
26100 
26101 
26102 
34297 
34298 
34299 
34300 
34301 
34302 
42497 
42498 
42499 
42500 
42501 
42502 
50697 
50698 
50699 
50700 
50701 
50702 
58897 
58898 
58899 
58900 
58901 
58902 
67097 
67098 
67099 
67100 
67101 
67102 
75297 
75298 
75299 
75300 
75301 
75302 
22097 
22098 
22099 
22100 
22101 
22102 
30297 
30298 
30299 
30300 
30301 
30302 
38497 
38498 
38499 
38500 
38501 
38502 
46697 
46698 
46699 
46700 
46701 
46702 
54897 
54898 
54899 
54900 
54901 
54902 
63097 
63098 
63099 
63100 
63101 
63102 
71297 
71298 
71299 
71300 
71301 
71302 
79497 
79498 
79499 
79500 
79501 
79502 
26297 
26298 
26299 
26300 
26301 
26302 
34497 
34498 
34499 
34500 
34501 
34502 
42697 
42698 
42699 
42700 
42701 
42702 
50897 
50898 
50899 
50900 
50901 
50902 
59097 
59098 
59099 
59100 
59101 
59102 
67297 
67298 
67299 
67300 
67301 
67302 
75497 
75498 
75499 
75500 
75501 
75502 
22297 
22298 
22299 
22300 
22301 
22302 
30497 
30498 
30499 
30500 
30501 
30502 
38697 
38698 
38699 
38700 
38701 
38702 
46897 
46898 
46899 
46900 
46901 
46902 
55097 
55098 
55099 
55100 
55101 
55102 
63297 
63298 
63299 
63300 
63301 
63302 
71497 
71498 
71499 
71500 
71501 
71502 
79697 
79698 
79699 
79700 
79701 
79702 
26497 
26498 
26499 
26500 
26501 
26502 
34697 
34698 
34699 
34700 
34701 
34702 
42897 
42898 
42899 
42900 
42901 
42902 
51097 
51098 
51099 
51100 
51101 
51102 
59297 
59298 
59299 
59300 
59301 
59302 
67497 
67498 
67499 
67500 
67501 
67502 
75697 
75698 
75699 
75700 
75701 
75702 
22497 
22498 
22499 
22500 
22501 
22502 
30697 
30698 
30699 
30700 
30701 
30702 
38897 
38898 
38899 
38900 
38901 
38902 
47097 
47098 
47099 
47100 
47101 
47102 
55297 
55298 
55299 
55300 
55301 
55302 
63497 
63498 
63499 
63500 
63501 
63502 
71697 
71698 
71699 
71700 
71701 
71702 
79897 
79898 
79899 
79900 
79901 
79902 
26697 
26698 
26699 
26700 
26701 
26702 
34897 
34898 
34899 
34900 
34901 
34902 
43097 
43098 
43099 
43100 
43101 
43102 
51297 
51298 
51299 
51300 
51301 
51302 
59497 
59498 
59499 
59500 
59501 
59502 
67697 
67698 
67699 
67700 
67701 
67702 
75897 
75898 
75899 
75900 
75901 
75902 
22697 
22698 
22699 
22700 
22701 
22702 
30897 
30898 
30899 
30900 
30901 
30902 
39097 
39098 
39099 
39100 
39101 
39102 
47297 
47298 
47299 
47300 
47301 
47302 
55497 
55498 
55499 
55500 
55501 
55502 
63697 
63698 
63699 
63700 
63701 
63702 
71897 
71898 
71899 
71900 
71901 
71902 
26897 
26898 
26899 
26900 
26901 
26902 
35097 
35098 
35099 
35100 
35101 
35102 
43297 
43298 
43299 
43300 
43301 
43302 
51497 
51498 
51499 
51500 
51501 
51502 
59697 
59698 
59699 
59700 
59701 
59702 
67897 
67898 
67899 
67900 
67901 
67902 
76097 
76098 
76099 
76100 
76101 
76102 
22897 
22898 
22899 
22900 
22901 
22902 
31097 
31098 
31099 
31100 
31101 
31102 
39297 
39298 
39299 
39300 
39301 
39302 
47497 
47498 
47499 
47500 
47501 
47502 
55697 
55698 
55699 
55700 
55701 
55702 
63897 
63898 
63899 
63900 
63901 
63902 
72097 
72098 
72099 
72100 
72101 
72102 
27097 
27098 
27099 
27100 
27101 
27102 
35297 
35298 
35299 
35300 
35301 
35302 
43497 
43498 
43499 
43500 
43501 
43502 
51697 
51698 
51699 
51700 
51701 
51702 
59897 
59898 
59899 
59900 
59901 
59902 
68097 
68098 
68099 
68100 
68101 
68102 
76297 
76298 
76299 
76300 
76301 
76302 
23097 
23098 
23099 
23100 
23101 
23102 
31297 
31298 
31299 
31300 
31301 
31302 
39497 
39498 
39499 
39500 
39501 
39502 
47697 
47698 
47699 
47700 
47701 
47702 
55897 
55898 
55899 
55900 
55901 
55902 
64097 
64098 
64099 
64100 
64101 
64102 
72297 
72298 
72299 
72300 
72301 
72302 
27297 
27298 
27299 
27300 
27301 
27302 
35497 
35498 
35499 
35500 
35501 
35502 
43697 
43698 
43699 
43700 
43701 
43702 
51897 
51898 
51899 
51900 
51901 
51902 
60097 
60098 
60099 
60100 
60101 
60102 
68297 
68298 
68299 
68300 
68301 
68302 
76497 
76498 
76499 
76500 
76501 
76502 
23297 
23298 
23299 
23300 
23301 
23302 
31497 
31498 
31499 
31500 
31501 
31502 
39697 
39698 
39699 
39700 
39701 
39702 
47897 
47898 
47899 
47900 
47901 
47902 
56097 
56098 
56099 
56100 
56101 
56102 
64297 
64298 
64299 
64300 
64301 
64302 
72497 
72498 
72499 
72500 
72501 
72502 
27497 
27498 
27499 
27500 
27501 
27502 
35697 
35698 
35699 
35700 
35701 
35702 
43897 
43898 
43899 
43900 
43901 
43902 
52097 
52098 
52099 
52100 
52101 
52102 
60297 
60298 
60299 
60300 
60301 
60302 
68497 
68498 
68499 
68500 
68501 
68502 
76697 
76698 
76699 
76700 
76701 
76702 
23497 
23498 
23499 
23500 
23501 
23502 
31697 
31698 
31699 
31700 
31701 
31702 
39897 
39898 
39899 
39900 
39901 
39902 
48097 
48098 
48099 
48100 
48101 
48102 
56297 
56298 
56299 
56300 
56301 
56302 
64497 
64498 
64499 
64500 
64501 
64502 
72697 
72698 
72699 
72700 
72701 
72702 
27697 
27698 
27699 
27700 
27701 
27702 
35897 
35898 
35899 
35900 
35901 
35902 
44097 
44098 
44099 
44100 
44101 
44102 
52297 
52298 
52299 
52300 
52301 
52302 
60497 
60498 
60499 
60500 
60501 
60502 
68697 
68698 
68699 
68700 
68701 
68702 
76897 
76898 
76899 
76900 
76901 
76902 
23697 
23698 
23699 
23700 
23701 
23702 
31897 
31898 
31899 
31900 
31901 
31902 
40097 
40098 
40099 
40100 
40101 
40102 
48297 
48298 
48299 
48300 
48301 
48302 
56497 
56498 
56499 
56500 
56501 
56502 
64697 
64698 
64699 
64700 
64701 
64702 
72897 
72898 
72899 
72900 
72901 
72902 
27897 
27898 
27899 
27900 
27901 
27902 
36097 
36098 
36099 
36100 
36101 
36102 
44297 
44298 
44299 
44300 
44301 
44302 
52497 
52498 
52499 
52500 
52501 
52502 
60697 
60698 
60699 
60700 
60701 
60702 
68897 
68898 
68899 
68900 
68901 
68902 
77097 
77098 
77099 
77100 
77101 
77102 
23897 
23898 
23899 
23900 
23901 
23902 
32097 
32098 
32099 
32100 
32101 
32102 
40297 
40298 
40299 
40300 
40301 
40302 
48497 
48498 
48499 
48500 
48501 
48502 
56697 
56698 
56699 
56700 
56701 
56702 
64897 
64898 
64899 
64900 
64901 
64902 
73097 
73098 
73099 
73100 
73101 
73102 
28097 
28098 
28099 
28100 
28101 
28102 
36297 
36298 
36299 
36300 
36301 
36302 
44497 
44498 
44499 
44500 
44501 
44502 
52697 
52698 
52699 
52700 
52701 
52702 
60897 
60898 
60899 
60900 
60901 
60902 
69097 
69098 
69099 
69100 
69101 
69102 
77297 
77298 
77299 
77300 
77301 
77302 
24097 
24098 
24099 
24100 
24101 
24102 
32297 
32298 
32299 
32300 
32301 
32302 
40497 
40498 
40499 
40500 
40501 
40502 
48697 
48698 
48699 
48700 
48701 
48702 
56897 
56898 
56899 
56900 
56901 
56902 
65097 
65098 
65099 
65100 
65101 
65102 
73297 
73298 
73299 
73300 
73301 
73302 
20097 
20098 
20099 
20100 
20101 
20102 
28297 
28298 
28299 
28300 
28301 
28302 
36497 
36498 
36499 
36500 
36501 
36502 
44697 
44698 
44699 
44700 
44701 
44702 
52897 
52898 
52899 
52900 
52901 
52902 
61097 
61098 
61099 
61100 
61101 
61102 
69297 
69298 
69299 
69300 
69301 
69302 
77497 
77498 
77499 
77500 
77501 
77502 
24297 
24298 
24299 
24300 
24301 
24302 
32497 
32498 
32499 
32500 
32501 
32502 
40697 
40698 
40699 
40700 
40701 
40702 
48897 
48898 
48899 
48900 
48901 
48902 
57097 
57098 
57099 
57100 
57101 
57102 
65297 
65298 
65299 
65300 
65301 
65302 
73497 
73498 
73499 
73500 
73501 
73502 
20297 
20298 
20299 
20300 
20301 
20302 
28497 
28498 
28499 
28500 
28501 
28502 
36697 
36698 
36699 
36700 
36701 
36702 
44897 
44898 
44899 
44900 
44901 
44902 
53097 
53098 
53099 
53100 
53101 
53102 
61297 
61298 
61299 
61300 
61301 
61302 
69497 
69498 
69499 
69500 
69501 
69502 
77697 
77698 
77699 
77700 
77701 
77702 
24497 
24498 
24499 
24500 
24501 
24502 
32697 
32698 
32699 
32700 
32701 
32702 
40897 
40898 
40899 
40900 
40901 
40902 
49097 
49098 
49099 
49100 
49101 
49102 
57297 
57298 
57299 
57300 
57301 
57302 
65497 
65498 
65499 
65500 
65501 
65502 
73697 
73698 
73699 
73700 
73701 
73702 
)

// ************************************************************************* //
