/*--------------------------------*- C++ -*----------------------------------*\
  =========                 |
  \\      /  F ield         | OpenFOAM: The Open Source CFD Toolbox
   \\    /   O peration     | Website:  https://openfoam.org
    \\  /    A nd           | Version:  10
     \\/     M anipulation  |
\*---------------------------------------------------------------------------*/
FoamFile
{
    format      ascii;
    class       cellSet;
    location    "constant/polyMesh/sets";
    object      dyke_region2;
}
// * * * * * * * * * * * * * * * * * * * * * * * * * * * * * * * * * * * * * //


900
(
45067 
45068 
45069 
45070 
45071 
45072 
53267 
53268 
53269 
53270 
53271 
53272 
61467 
61468 
61469 
61470 
61471 
61472 
69667 
69668 
69669 
69670 
69671 
69672 
43067 
43068 
43069 
43070 
43071 
43072 
51267 
51268 
51269 
51270 
51271 
51272 
59467 
59468 
59469 
59470 
59471 
59472 
67667 
67668 
67669 
67670 
67671 
67672 
41067 
41068 
41069 
41070 
41071 
41072 
49267 
49268 
49269 
49270 
49271 
49272 
57467 
57468 
57469 
57470 
57471 
57472 
65667 
65668 
65669 
65670 
65671 
65672 
47267 
47268 
47269 
47270 
47271 
47272 
55467 
55468 
55469 
55470 
55471 
55472 
63667 
63668 
63669 
63670 
63671 
63672 
45267 
45268 
45269 
45270 
45271 
45272 
53467 
53468 
53469 
53470 
53471 
53472 
61667 
61668 
61669 
61670 
61671 
61672 
69867 
69868 
69869 
69870 
69871 
69872 
43267 
43268 
43269 
43270 
43271 
43272 
51467 
51468 
51469 
51470 
51471 
51472 
59667 
59668 
59669 
59670 
59671 
59672 
67867 
67868 
67869 
67870 
67871 
67872 
41267 
41268 
41269 
41270 
41271 
41272 
49467 
49468 
49469 
49470 
49471 
49472 
57667 
57668 
57669 
57670 
57671 
57672 
65867 
65868 
65869 
65870 
65871 
65872 
47467 
47468 
47469 
47470 
47471 
47472 
55667 
55668 
55669 
55670 
55671 
55672 
63867 
63868 
63869 
63870 
63871 
63872 
45467 
45468 
45469 
45470 
45471 
45472 
53667 
53668 
53669 
53670 
53671 
53672 
61867 
61868 
61869 
61870 
61871 
61872 
43467 
43468 
43469 
43470 
43471 
43472 
51667 
51668 
51669 
51670 
51671 
51672 
59867 
59868 
59869 
59870 
59871 
59872 
68067 
68068 
68069 
68070 
68071 
68072 
41467 
41468 
41469 
41470 
41471 
41472 
49667 
49668 
49669 
49670 
49671 
49672 
57867 
57868 
57869 
57870 
57871 
57872 
66067 
66068 
66069 
66070 
66071 
66072 
47667 
47668 
47669 
47670 
47671 
47672 
55867 
55868 
55869 
55870 
55871 
55872 
64067 
64068 
64069 
64070 
64071 
64072 
45667 
45668 
45669 
45670 
45671 
45672 
53867 
53868 
53869 
53870 
53871 
53872 
62067 
62068 
62069 
62070 
62071 
62072 
43667 
43668 
43669 
43670 
43671 
43672 
51867 
51868 
51869 
51870 
51871 
51872 
60067 
60068 
60069 
60070 
60071 
60072 
68267 
68268 
68269 
68270 
68271 
68272 
41667 
41668 
41669 
41670 
41671 
41672 
49867 
49868 
49869 
49870 
49871 
49872 
58067 
58068 
58069 
58070 
58071 
58072 
66267 
66268 
66269 
66270 
66271 
66272 
47867 
47868 
47869 
47870 
47871 
47872 
56067 
56068 
56069 
56070 
56071 
56072 
64267 
64268 
64269 
64270 
64271 
64272 
45867 
45868 
45869 
45870 
45871 
45872 
54067 
54068 
54069 
54070 
54071 
54072 
62267 
62268 
62269 
62270 
62271 
62272 
43867 
43868 
43869 
43870 
43871 
43872 
52067 
52068 
52069 
52070 
52071 
52072 
60267 
60268 
60269 
60270 
60271 
60272 
68467 
68468 
68469 
68470 
68471 
68472 
41867 
41868 
41869 
41870 
41871 
41872 
50067 
50068 
50069 
50070 
50071 
50072 
58267 
58268 
58269 
58270 
58271 
58272 
66467 
66468 
66469 
66470 
66471 
66472 
48067 
48068 
48069 
48070 
48071 
48072 
56267 
56268 
56269 
56270 
56271 
56272 
64467 
64468 
64469 
64470 
64471 
64472 
46067 
46068 
46069 
46070 
46071 
46072 
54267 
54268 
54269 
54270 
54271 
54272 
62467 
62468 
62469 
62470 
62471 
62472 
44067 
44068 
44069 
44070 
44071 
44072 
52267 
52268 
52269 
52270 
52271 
52272 
60467 
60468 
60469 
60470 
60471 
60472 
68667 
68668 
68669 
68670 
68671 
68672 
42067 
42068 
42069 
42070 
42071 
42072 
50267 
50268 
50269 
50270 
50271 
50272 
58467 
58468 
58469 
58470 
58471 
58472 
66667 
66668 
66669 
66670 
66671 
66672 
40067 
40068 
40069 
40070 
40071 
40072 
48267 
48268 
48269 
48270 
48271 
48272 
56467 
56468 
56469 
56470 
56471 
56472 
64667 
64668 
64669 
64670 
64671 
64672 
46267 
46268 
46269 
46270 
46271 
46272 
54467 
54468 
54469 
54470 
54471 
54472 
62667 
62668 
62669 
62670 
62671 
62672 
44267 
44268 
44269 
44270 
44271 
44272 
52467 
52468 
52469 
52470 
52471 
52472 
60667 
60668 
60669 
60670 
60671 
60672 
68867 
68868 
68869 
68870 
68871 
68872 
42267 
42268 
42269 
42270 
42271 
42272 
50467 
50468 
50469 
50470 
50471 
50472 
58667 
58668 
58669 
58670 
58671 
58672 
66867 
66868 
66869 
66870 
66871 
66872 
40267 
40268 
40269 
40270 
40271 
40272 
48467 
48468 
48469 
48470 
48471 
48472 
56667 
56668 
56669 
56670 
56671 
56672 
64867 
64868 
64869 
64870 
64871 
64872 
46467 
46468 
46469 
46470 
46471 
46472 
54667 
54668 
54669 
54670 
54671 
54672 
62867 
62868 
62869 
62870 
62871 
62872 
44467 
44468 
44469 
44470 
44471 
44472 
52667 
52668 
52669 
52670 
52671 
52672 
60867 
60868 
60869 
60870 
60871 
60872 
69067 
69068 
69069 
69070 
69071 
69072 
42467 
42468 
42469 
42470 
42471 
42472 
50667 
50668 
50669 
50670 
50671 
50672 
58867 
58868 
58869 
58870 
58871 
58872 
67067 
67068 
67069 
67070 
67071 
67072 
40467 
40468 
40469 
40470 
40471 
40472 
48667 
48668 
48669 
48670 
48671 
48672 
56867 
56868 
56869 
56870 
56871 
56872 
65067 
65068 
65069 
65070 
65071 
65072 
46667 
46668 
46669 
46670 
46671 
46672 
54867 
54868 
54869 
54870 
54871 
54872 
63067 
63068 
63069 
63070 
63071 
63072 
44667 
44668 
44669 
44670 
44671 
44672 
52867 
52868 
52869 
52870 
52871 
52872 
61067 
61068 
61069 
61070 
61071 
61072 
69267 
69268 
69269 
69270 
69271 
69272 
42667 
42668 
42669 
42670 
42671 
42672 
50867 
50868 
50869 
50870 
50871 
50872 
59067 
59068 
59069 
59070 
59071 
59072 
67267 
67268 
67269 
67270 
67271 
67272 
40667 
40668 
40669 
40670 
40671 
40672 
48867 
48868 
48869 
48870 
48871 
48872 
57067 
57068 
57069 
57070 
57071 
57072 
65267 
65268 
65269 
65270 
65271 
65272 
46867 
46868 
46869 
46870 
46871 
46872 
55067 
55068 
55069 
55070 
55071 
55072 
63267 
63268 
63269 
63270 
63271 
63272 
44867 
44868 
44869 
44870 
44871 
44872 
53067 
53068 
53069 
53070 
53071 
53072 
61267 
61268 
61269 
61270 
61271 
61272 
69467 
69468 
69469 
69470 
69471 
69472 
42867 
42868 
42869 
42870 
42871 
42872 
51067 
51068 
51069 
51070 
51071 
51072 
59267 
59268 
59269 
59270 
59271 
59272 
67467 
67468 
67469 
67470 
67471 
67472 
40867 
40868 
40869 
40870 
40871 
40872 
49067 
49068 
49069 
49070 
49071 
49072 
57267 
57268 
57269 
57270 
57271 
57272 
65467 
65468 
65469 
65470 
65471 
65472 
47067 
47068 
47069 
47070 
47071 
47072 
55267 
55268 
55269 
55270 
55271 
55272 
63467 
63468 
63469 
63470 
63471 
63472 
)

// ************************************************************************* //
