/*--------------------------------*- C++ -*----------------------------------*\
  =========                 |
  \\      /  F ield         | OpenFOAM: The Open Source CFD Toolbox
   \\    /   O peration     | Website:  https://openfoam.org
    \\  /    A nd           | Version:  10
     \\/     M anipulation  |
\*---------------------------------------------------------------------------*/
FoamFile
{
    format      ascii;
    class       cellSet;
    location    "constant/polyMesh/sets";
    object      dyke_region3;
}
// * * * * * * * * * * * * * * * * * * * * * * * * * * * * * * * * * * * * * //


900
(
47127 
47128 
47129 
47130 
47131 
47132 
55327 
55328 
55329 
55330 
55331 
55332 
63527 
63528 
63529 
63530 
63531 
63532 
45127 
45128 
45129 
45130 
45131 
45132 
53327 
53328 
53329 
53330 
53331 
53332 
61527 
61528 
61529 
61530 
61531 
61532 
69727 
69728 
69729 
69730 
69731 
69732 
43127 
43128 
43129 
43130 
43131 
43132 
51327 
51328 
51329 
51330 
51331 
51332 
59527 
59528 
59529 
59530 
59531 
59532 
67727 
67728 
67729 
67730 
67731 
67732 
41127 
41128 
41129 
41130 
41131 
41132 
49327 
49328 
49329 
49330 
49331 
49332 
57527 
57528 
57529 
57530 
57531 
57532 
65727 
65728 
65729 
65730 
65731 
65732 
47327 
47328 
47329 
47330 
47331 
47332 
55527 
55528 
55529 
55530 
55531 
55532 
63727 
63728 
63729 
63730 
63731 
63732 
45327 
45328 
45329 
45330 
45331 
45332 
53527 
53528 
53529 
53530 
53531 
53532 
61727 
61728 
61729 
61730 
61731 
61732 
69927 
69928 
69929 
69930 
69931 
69932 
43327 
43328 
43329 
43330 
43331 
43332 
51527 
51528 
51529 
51530 
51531 
51532 
59727 
59728 
59729 
59730 
59731 
59732 
67927 
67928 
67929 
67930 
67931 
67932 
41327 
41328 
41329 
41330 
41331 
41332 
49527 
49528 
49529 
49530 
49531 
49532 
57727 
57728 
57729 
57730 
57731 
57732 
65927 
65928 
65929 
65930 
65931 
65932 
47527 
47528 
47529 
47530 
47531 
47532 
55727 
55728 
55729 
55730 
55731 
55732 
63927 
63928 
63929 
63930 
63931 
63932 
45527 
45528 
45529 
45530 
45531 
45532 
53727 
53728 
53729 
53730 
53731 
53732 
61927 
61928 
61929 
61930 
61931 
61932 
43527 
43528 
43529 
43530 
43531 
43532 
51727 
51728 
51729 
51730 
51731 
51732 
59927 
59928 
59929 
59930 
59931 
59932 
68127 
68128 
68129 
68130 
68131 
68132 
41527 
41528 
41529 
41530 
41531 
41532 
49727 
49728 
49729 
49730 
49731 
49732 
57927 
57928 
57929 
57930 
57931 
57932 
66127 
66128 
66129 
66130 
66131 
66132 
47727 
47728 
47729 
47730 
47731 
47732 
55927 
55928 
55929 
55930 
55931 
55932 
64127 
64128 
64129 
64130 
64131 
64132 
45727 
45728 
45729 
45730 
45731 
45732 
53927 
53928 
53929 
53930 
53931 
53932 
62127 
62128 
62129 
62130 
62131 
62132 
43727 
43728 
43729 
43730 
43731 
43732 
51927 
51928 
51929 
51930 
51931 
51932 
60127 
60128 
60129 
60130 
60131 
60132 
68327 
68328 
68329 
68330 
68331 
68332 
41727 
41728 
41729 
41730 
41731 
41732 
49927 
49928 
49929 
49930 
49931 
49932 
58127 
58128 
58129 
58130 
58131 
58132 
66327 
66328 
66329 
66330 
66331 
66332 
47927 
47928 
47929 
47930 
47931 
47932 
56127 
56128 
56129 
56130 
56131 
56132 
64327 
64328 
64329 
64330 
64331 
64332 
45927 
45928 
45929 
45930 
45931 
45932 
54127 
54128 
54129 
54130 
54131 
54132 
62327 
62328 
62329 
62330 
62331 
62332 
43927 
43928 
43929 
43930 
43931 
43932 
52127 
52128 
52129 
52130 
52131 
52132 
60327 
60328 
60329 
60330 
60331 
60332 
68527 
68528 
68529 
68530 
68531 
68532 
41927 
41928 
41929 
41930 
41931 
41932 
50127 
50128 
50129 
50130 
50131 
50132 
58327 
58328 
58329 
58330 
58331 
58332 
66527 
66528 
66529 
66530 
66531 
66532 
48127 
48128 
48129 
48130 
48131 
48132 
56327 
56328 
56329 
56330 
56331 
56332 
64527 
64528 
64529 
64530 
64531 
64532 
46127 
46128 
46129 
46130 
46131 
46132 
54327 
54328 
54329 
54330 
54331 
54332 
62527 
62528 
62529 
62530 
62531 
62532 
44127 
44128 
44129 
44130 
44131 
44132 
52327 
52328 
52329 
52330 
52331 
52332 
60527 
60528 
60529 
60530 
60531 
60532 
68727 
68728 
68729 
68730 
68731 
68732 
42127 
42128 
42129 
42130 
42131 
42132 
50327 
50328 
50329 
50330 
50331 
50332 
58527 
58528 
58529 
58530 
58531 
58532 
66727 
66728 
66729 
66730 
66731 
66732 
40127 
40128 
40129 
40130 
40131 
40132 
48327 
48328 
48329 
48330 
48331 
48332 
56527 
56528 
56529 
56530 
56531 
56532 
64727 
64728 
64729 
64730 
64731 
64732 
46327 
46328 
46329 
46330 
46331 
46332 
54527 
54528 
54529 
54530 
54531 
54532 
62727 
62728 
62729 
62730 
62731 
62732 
44327 
44328 
44329 
44330 
44331 
44332 
52527 
52528 
52529 
52530 
52531 
52532 
60727 
60728 
60729 
60730 
60731 
60732 
68927 
68928 
68929 
68930 
68931 
68932 
42327 
42328 
42329 
42330 
42331 
42332 
50527 
50528 
50529 
50530 
50531 
50532 
58727 
58728 
58729 
58730 
58731 
58732 
66927 
66928 
66929 
66930 
66931 
66932 
40327 
40328 
40329 
40330 
40331 
40332 
48527 
48528 
48529 
48530 
48531 
48532 
56727 
56728 
56729 
56730 
56731 
56732 
64927 
64928 
64929 
64930 
64931 
64932 
46527 
46528 
46529 
46530 
46531 
46532 
54727 
54728 
54729 
54730 
54731 
54732 
62927 
62928 
62929 
62930 
62931 
62932 
44527 
44528 
44529 
44530 
44531 
44532 
52727 
52728 
52729 
52730 
52731 
52732 
60927 
60928 
60929 
60930 
60931 
60932 
69127 
69128 
69129 
69130 
69131 
69132 
42527 
42528 
42529 
42530 
42531 
42532 
50727 
50728 
50729 
50730 
50731 
50732 
58927 
58928 
58929 
58930 
58931 
58932 
67127 
67128 
67129 
67130 
67131 
67132 
40527 
40528 
40529 
40530 
40531 
40532 
48727 
48728 
48729 
48730 
48731 
48732 
56927 
56928 
56929 
56930 
56931 
56932 
65127 
65128 
65129 
65130 
65131 
65132 
46727 
46728 
46729 
46730 
46731 
46732 
54927 
54928 
54929 
54930 
54931 
54932 
63127 
63128 
63129 
63130 
63131 
63132 
44727 
44728 
44729 
44730 
44731 
44732 
52927 
52928 
52929 
52930 
52931 
52932 
61127 
61128 
61129 
61130 
61131 
61132 
69327 
69328 
69329 
69330 
69331 
69332 
42727 
42728 
42729 
42730 
42731 
42732 
50927 
50928 
50929 
50930 
50931 
50932 
59127 
59128 
59129 
59130 
59131 
59132 
67327 
67328 
67329 
67330 
67331 
67332 
40727 
40728 
40729 
40730 
40731 
40732 
48927 
48928 
48929 
48930 
48931 
48932 
57127 
57128 
57129 
57130 
57131 
57132 
65327 
65328 
65329 
65330 
65331 
65332 
46927 
46928 
46929 
46930 
46931 
46932 
55127 
55128 
55129 
55130 
55131 
55132 
63327 
63328 
63329 
63330 
63331 
63332 
44927 
44928 
44929 
44930 
44931 
44932 
53127 
53128 
53129 
53130 
53131 
53132 
61327 
61328 
61329 
61330 
61331 
61332 
69527 
69528 
69529 
69530 
69531 
69532 
42927 
42928 
42929 
42930 
42931 
42932 
51127 
51128 
51129 
51130 
51131 
51132 
59327 
59328 
59329 
59330 
59331 
59332 
67527 
67528 
67529 
67530 
67531 
67532 
40927 
40928 
40929 
40930 
40931 
40932 
49127 
49128 
49129 
49130 
49131 
49132 
57327 
57328 
57329 
57330 
57331 
57332 
65527 
65528 
65529 
65530 
65531 
65532 
)

// ************************************************************************* //
