/*--------------------------------*- C++ -*----------------------------------*\
  =========                 |
  \\      /  F ield         | OpenFOAM: The Open Source CFD Toolbox
   \\    /   O peration     | Website:  https://openfoam.org
    \\  /    A nd           | Version:  10
     \\/     M anipulation  |
\*---------------------------------------------------------------------------*/
FoamFile
{
    format      ascii;
    class       cellSet;
    location    "constant/polyMesh/sets";
    object      fault;
}
// * * * * * * * * * * * * * * * * * * * * * * * * * * * * * * * * * * * * * //


824
(
69632 
69633 
69634 
69635 
69636 
69637 
61454 
61455 
61456 
61457 
61458 
61459 
61460 
61461 
75813 
75814 
75815 
75816 
75817 
75818 
75819 
67636 
67637 
67638 
67639 
67640 
67641 
67642 
67643 
59460 
59461 
59462 
59463 
59464 
59465 
59466 
73819 
73820 
73821 
73822 
73823 
73824 
73825 
65642 
65643 
65644 
65645 
65646 
65647 
65648 
65649 
57466 
57467 
57468 
71824 
71825 
71826 
71827 
71828 
71829 
71830 
71831 
63648 
63649 
63650 
63651 
63652 
63653 
63654 
78006 
78007 
78008 
78009 
78010 
78011 
78012 
78013 
69830 
69831 
69832 
69833 
69834 
69835 
69836 
61654 
61655 
61656 
61657 
61658 
61659 
61660 
76012 
76013 
76014 
76015 
76016 
76017 
76018 
67836 
67837 
67838 
67839 
67840 
67841 
67842 
59659 
59660 
59661 
59662 
59663 
59664 
59665 
59666 
74018 
74019 
74020 
74021 
74022 
74023 
74024 
65842 
65843 
65844 
65845 
65846 
65847 
65848 
57665 
57666 
57667 
57668 
57669 
57670 
72024 
72025 
72026 
72027 
72028 
72029 
72030 
63847 
63848 
63849 
63850 
63851 
63852 
63853 
63854 
78206 
78207 
78208 
78209 
78210 
78211 
78212 
70029 
70030 
70031 
70032 
70033 
70034 
70035 
70036 
61853 
61854 
61855 
61856 
61857 
61858 
61859 
76212 
76213 
76214 
76215 
76216 
76217 
76218 
68035 
68036 
68037 
68038 
68039 
68040 
68041 
68042 
59859 
59860 
59861 
59862 
59863 
59864 
59865 
74217 
74218 
74219 
74220 
74221 
74222 
74223 
74224 
66041 
66042 
66043 
66044 
66045 
66046 
66047 
57865 
57866 
57867 
57868 
57869 
57870 
57871 
72223 
72224 
72225 
72226 
72227 
72228 
72229 
64047 
64048 
64049 
64050 
64051 
64052 
64053 
78405 
78406 
78407 
78408 
78409 
78410 
78411 
78412 
70229 
70230 
70231 
70232 
70233 
70234 
70235 
62053 
62054 
62055 
62056 
62057 
62058 
62059 
76411 
76412 
76413 
76414 
76415 
76416 
76417 
68235 
68236 
68237 
68238 
68239 
68240 
68241 
60058 
60059 
60060 
60061 
60062 
60063 
60064 
60065 
74417 
74418 
74419 
74420 
74421 
74422 
74423 
66240 
66241 
66242 
66243 
66244 
66245 
66246 
66247 
58064 
58065 
58066 
58067 
58068 
58069 
58070 
72423 
72424 
72425 
72426 
72427 
72428 
72429 
64246 
64247 
64248 
64249 
64250 
64251 
64252 
64253 
78605 
78606 
78607 
78608 
78609 
78610 
78611 
70428 
70429 
70430 
70431 
70432 
70433 
70434 
70435 
62252 
62253 
62254 
62255 
62256 
62257 
62258 
76610 
76611 
76612 
76613 
76614 
76615 
76616 
76617 
68434 
68435 
68436 
68437 
68438 
68439 
68440 
60258 
60259 
60260 
60261 
60262 
60263 
60264 
74616 
74617 
74618 
74619 
74620 
74621 
74622 
74623 
66440 
66441 
66442 
66443 
66444 
66445 
66446 
58264 
58265 
58266 
58267 
58268 
58269 
58270 
72622 
72623 
72624 
72625 
72626 
72627 
72628 
64446 
64447 
64448 
64449 
64450 
64451 
64452 
78804 
78805 
78806 
78807 
78808 
78809 
78810 
70628 
70629 
70630 
70631 
70632 
70633 
70634 
62451 
62452 
62453 
62454 
62455 
62456 
62457 
62458 
76810 
76811 
76812 
76813 
76814 
76815 
76816 
68634 
68635 
68636 
68637 
68638 
68639 
68640 
60457 
60458 
60459 
60460 
60461 
60462 
60463 
60464 
74816 
74817 
74818 
74819 
74820 
74821 
74822 
66639 
66640 
66641 
66642 
66643 
66644 
66645 
66646 
58463 
58464 
58465 
58466 
58467 
58468 
58469 
72821 
72822 
72823 
72824 
72825 
72826 
72827 
72828 
64645 
64646 
64647 
64648 
64649 
64650 
64651 
79003 
79004 
79005 
79006 
79007 
79008 
79009 
79010 
70827 
70828 
70829 
70830 
70831 
70832 
70833 
70834 
62651 
62652 
62653 
62654 
62655 
62656 
62657 
77009 
77010 
77011 
77012 
77013 
77014 
77015 
77016 
68833 
68834 
68835 
68836 
68837 
68838 
68839 
60657 
60658 
60659 
60660 
60661 
60662 
60663 
75015 
75016 
75017 
75018 
75019 
75020 
75021 
66839 
66840 
66841 
66842 
66843 
66844 
66845 
58662 
58663 
58664 
58665 
58666 
58667 
58668 
58669 
73021 
73022 
73023 
73024 
73025 
73026 
73027 
64844 
64845 
64846 
64847 
64848 
64849 
64850 
64851 
79203 
79204 
79205 
79206 
79207 
79208 
79209 
71027 
71028 
71029 
71030 
71031 
71032 
71033 
62850 
62851 
62852 
62853 
62854 
62855 
62856 
62857 
77209 
77210 
77211 
77212 
77213 
77214 
77215 
69032 
69033 
69034 
69035 
69036 
69037 
69038 
69039 
60856 
60857 
60858 
60859 
60860 
60861 
60862 
75214 
75215 
75216 
75217 
75218 
75219 
75220 
75221 
67038 
67039 
67040 
67041 
67042 
67043 
67044 
58862 
58863 
58864 
58865 
58866 
58867 
58868 
73220 
73221 
73222 
73223 
73224 
73225 
73226 
73227 
65044 
65045 
65046 
65047 
65048 
65049 
65050 
79402 
79403 
79404 
79405 
79406 
79407 
79408 
79409 
71226 
71227 
71228 
71229 
71230 
71231 
71232 
63050 
63051 
63052 
63053 
63054 
63055 
63056 
77408 
77409 
77410 
77411 
77412 
77413 
77414 
69232 
69233 
69234 
69235 
69236 
69237 
69238 
61055 
61056 
61057 
61058 
61059 
61060 
61061 
61062 
75414 
75415 
75416 
75417 
75418 
75419 
75420 
67238 
67239 
67240 
67241 
67242 
67243 
67244 
59061 
59062 
59063 
59064 
59065 
59066 
59067 
59068 
73420 
73421 
73422 
73423 
73424 
73425 
73426 
65243 
65244 
65245 
65246 
65247 
65248 
65249 
65250 
79602 
79603 
79604 
79605 
79606 
79607 
79608 
71425 
71426 
71427 
71428 
71429 
71430 
71431 
71432 
63249 
63250 
63251 
63252 
63253 
63254 
63255 
77608 
77609 
77610 
77611 
77612 
77613 
77614 
69431 
69432 
69433 
69434 
69435 
69436 
69437 
69438 
61255 
61256 
61257 
61258 
61259 
61260 
61261 
75613 
75614 
75615 
75616 
75617 
75618 
75619 
75620 
67437 
67438 
67439 
67440 
67441 
67442 
67443 
59261 
59262 
59263 
59264 
59265 
59266 
59267 
73619 
73620 
73621 
73622 
73623 
73624 
73625 
65443 
65444 
65445 
65446 
65447 
65448 
65449 
79801 
79802 
79803 
79804 
79805 
79806 
79807 
79808 
71625 
71626 
71627 
71628 
71629 
71630 
71631 
63449 
63450 
63451 
63452 
63453 
63454 
63455 
77807 
77808 
77809 
77810 
77811 
77812 
77813 
69631 
)

// ************************************************************************* //
