0	5
0	5
0	5
0	5
0	5
0	5
0	5
0	5
0	5
1.00068	5
2.00137	5
3.00205	5
4.00274	5
5.00342	5
6.00411	5
7.00479	5
8.00548	5
9.00616	5
10.0068	5
11.0075	5
12.0082	5
13.0089	5
14.0096	5
15.0103	5
16.011	5
17.0116	5
18.0123	5
19.013	5
20.0137	5
21.0144	5
22.0151	5
23.0158	5
24.0164	5
25.0171	5
26.0178	5
27.0185	5
28.0192	5
29.0199	5
30.0205	5
31.0212	5
32.0219	5
33.0226	5
34.0233	5
35.024	5
36.0247	5
37.0253	5
38.026	5
39.0267	5
40.0274	5
41.0281	5
42.0288	5
43.0295	5
44.0301	5
45.0308	5
46.0315	5
47.0322	5
48.0329	5
49.0336	5
50.0342	5
51.0349	5
52.0356	5
53.0363	5
54.037	5
55.0377	5
56.0384	5
57.039	5
58.0397	5
59.0404	5
60.0411	5
61.0418	5
62.0425	5
63.0432	5
64.0438	5
65.0445	5
66.0452	5
67.0459	5
68.0466	5
69.0473	5
70.0479	5
71.0486	5
72.0493	5
73.05	5
74.0507	5
75.0514	5
76.0521	5
77.0527	5
78.0534	5
79.0541	5
80.0548	5
81.0555	5
82.0562	5
83.0568	5
84.0575	5
85.0582	5
86.0589	5
87.0596	5
88.0603	5
89.061	5
90.0616	5
91.0623	5
92.063	5
93.0637	5
94.0644	5
95.0651	5
96.0658	5
97.0664	5
98.0671	5
99.0678	5
100.068	5
0	5
0.532725	5
0.865677	5
1.06545	5
1.19863	5
1.33181	5
1.46499	5
1.59817	5
1.73135	5
1.86454	5
1.99772	5
2.1309	5
2.26408	5
2.39726	5
2.53044	5
2.66362	5
2.7968	5
2.92998	5
3.06317	5
3.19635	5
3.32953	5
3.46271	5
3.59589	5
3.72907	5
3.86225	5
3.99543	5
4.12861	5
4.2618	5
4.39498	5
4.52816	5
4.66134	5
4.79452	5
4.9277	5
5.06088	5
5.19406	5
5.32725	5
5.46043	5
5.59361	5
5.72679	5
5.85997	5
5.99315	5
6.12633	5
6.25951	5
6.39269	5
6.52588	5
6.65906	5
6.79224	5
6.92542	5
7.0586	5
7.19178	5
7.32496	5
7.45814	5
7.59132	5
7.72451	5
7.85769	5
7.99087	5
8.12405	5
8.25723	5
8.39041	5
8.52359	5
8.65677	5
8.78995	5
8.92314	5
9.05632	5
9.1895	5
9.32268	5
9.45586	5
9.58904	5
9.72222	5
9.8554	5
9.98858	5
10.1218	5
10.2549	5
10.3881	5
10.5213	5
10.6545	5
10.7877	5
10.9209	5
11.054	5
11.1872	5
11.3204	5
11.4536	5
11.5868	5
11.7199	5
11.8531	5
11.9863	5
12.1195	5
12.2527	5
12.3858	5
12.519	5
12.6522	5
12.7854	5
12.9186	5
13.0518	5
13.1849	5
13.3181	5
13.4513	5
13.5845	5
13.7177	5
13.8508	5
13.984	5
14.1172	5
14.2504	5
14.3836	5
14.5167	5
14.6499	5
14.7831	5
14.9163	5
15.0495	5
15.1826	5
15.3158	5
15.449	5
15.5822	5
15.7154	5
15.8486	5
15.9817	5
16.1149	5
16.2481	5
16.3813	5
16.5145	5
16.6476	5
16.7808	5
16.914	5
17.0472	5
17.1804	5
17.3135	5
17.4467	5
17.5799	5
17.7131	5
17.8463	5
17.9795	5
18.1126	5
18.2458	5
18.379	5
18.5122	5
18.6454	5
18.7785	5
18.9117	5
19.0449	5
19.1781	5
19.3113	5
19.4444	5
19.5776	5
19.7108	5
19.844	5
19.9772	5
20.1104	5
20.2435	5
20.3767	5
20.5099	5
20.6431	5
20.7763	5
20.9094	5
21.0426	5
21.1758	5
21.309	5
21.4422	5
21.5753	5
21.7085	5
21.8417	5
21.9749	5
22.1081	5
22.2412	5
22.3744	5
22.5076	5
22.6408	5
22.774	5
22.9072	5
23.0403	5
23.1735	5
23.3067	5
23.4399	5
23.5731	5
23.7062	5
23.8394	5
23.9726	5
24.1058	5
24.239	5
24.3721	5
24.5053	5
24.6385	5
24.7717	5
24.9049	5
25.0381	5
25.1712	5
25.3044	5
25.4376	5
25.5708	5
25.704	5
25.8371	5
25.9703	5
26.1035	5
26.2367	5
26.3699	5
26.503	5
26.6362	5
26.7694	5
26.9026	5
27.0358	5
27.1689	5
27.3021	5
27.4353	5
27.5685	5
27.7017	5
27.8349	5
27.968	5
28.1012	5
28.2344	5
28.3676	5
28.5008	5
28.6339	5
28.7671	5
28.9003	5
29.0335	5
29.1667	5
29.2998	5
29.433	5
29.5662	5
29.6994	5
29.8326	5
29.9658	5
30.0989	5
30.2321	5
30.3653	5
30.4985	5
30.6317	5
30.7648	5
30.898	5
31.0312	5
31.1644	5
31.2976	5
31.4307	5
31.5639	5
31.6971	5
31.8303	5
31.9635	5
32.0967	5
32.2298	5
32.363	5
32.4962	5
32.6294	5
32.7626	5
32.8957	5
33.0289	5
33.1621	5
33.2953	5
33.4285	5
33.5616	5
33.6948	5
33.828	5
33.9612	5
34.0944	5
34.2275	5
34.3607	5
34.4939	5
34.6271	5
34.7603	5
34.8935	5
35.0266	5
35.1598	5
35.293	5
35.4262	5
35.5594	5
35.6925	5
35.8257	5
35.9589	5
36.0921	5
36.2253	5
36.3584	5
36.4916	5
36.6248	5
36.758	5
36.8912	5
37.0244	5
37.1575	5
37.2907	5
37.4239	5
37.5571	5
37.6903	5
37.8234	5
37.9566	5
38.0898	5
38.223	5
38.3562	5
38.4893	5
38.6225	5
38.7557	5
38.8889	5
39.0221	5
39.1553	5
39.2884	5
39.4216	5
39.5548	5
39.688	5
39.8212	5
39.9543	5
40.0875	5
40.2207	5
40.3539	5
40.4871	5
40.6202	5
40.7534	5
40.8866	5
41.0198	5
41.153	5
41.2861	5
41.4193	5
41.5525	5
41.6857	5
41.8189	5
41.9521	5
42.0852	5
42.2184	5
42.3516	5
42.4848	5
42.618	5
42.7511	5
42.8843	5
43.0175	5
43.1507	5
43.2839	5
43.417	5
43.5502	5
43.6834	5
43.8166	5
43.9498	5
44.083	5
44.2161	5
44.3493	5
44.4825	5
44.6157	5
44.7489	5
44.882	5
45.0152	5
45.1484	5
45.2816	5
45.4148	5
45.5479	5
45.6811	5
45.8143	5
45.9475	5
46.0807	5
46.2139	5
46.347	5
46.4802	5
46.6134	5
46.7466	5
46.8798	5
47.0129	5
47.1461	5
47.2793	5
47.4125	5
47.5457	5
47.6788	5
47.812	5
47.9452	5
48.0784	5
48.2116	5
48.3447	5
48.4779	5
48.6111	5
48.7443	5
48.8775	5
49.0107	5
49.1438	5
49.277	5
49.4102	5
49.5434	5
49.6766	5
49.8097	5
49.9429	5
50.0761	5
50.2093	5
50.3425	5
50.4756	5
50.6088	5
50.742	5
50.8752	5
51.0084	5
51.1416	5
51.2747	5
51.4079	5
51.5411	5
51.6743	5
51.8075	5
51.9406	5
0	5
1.00068	5
2.00137	5
3.00205	5
4.00274	5
5.00342	5
6.00411	5
7.00479	5
8.00548	5
9.00616	5
10.0068	5
11.0075	5
12.0082	5
13.0089	5
14.0096	5
15.0103	5
16.011	5
17.0116	5
18.0123	5
19.013	5
20.0137	5
21.0144	5
22.0151	5
23.0158	5
24.0164	5
25.0171	5
26.0178	5
27.0185	5
28.0192	5
29.0199	5
30.0205	5
31.0212	5
32.0219	5
33.0226	5
34.0233	5
35.024	5
36.0247	5
37.0253	5
38.026	5
39.0267	5
40.0274	5
41.0281	5
42.0288	5
43.0295	5
44.0301	5
45.0308	5
46.0315	5
47.0322	5
48.0329	5
49.0336	5
50.0342	5
51.0349	5
52.0356	5
53.0363	5
54.037	5
55.0377	5
56.0384	5
57.039	5
58.0397	5
59.0404	5
60.0411	5
61.0418	5
62.0425	5
63.0432	5
64.0438	5
65.0445	5
66.0452	5
67.0459	5
68.0466	5
69.0473	5
70.0479	5
71.0486	5
72.0493	5
73.05	5
74.0507	5
75.0514	5
76.0521	5
77.0527	5
78.0534	5
79.0541	5
80.0548	5
81.0555	5
82.0562	5
83.0568	5
84.0575	5
85.0582	5
86.0589	5
87.0596	5
88.0603	5
89.061	5
90.0616	5
91.0623	5
92.063	5
93.0637	5
94.0644	5
95.0651	5
96.0658	5
97.0664	5
98.0671	5
99.0678	5
100.068	5
0	5
1.00068	5
2.00137	5
3.00205	5
4.00274	5.00109
5.00342	5.00109
6.00411	5.0011
7.00479	5.00112
8.00548	5.00113
9.00616	5.00114
10.0068	5.00116
11.0075	5.00118
12.0082	5.0012
13.0089	5.00122
14.0096	5.00124
15.0103	5.00125
16.011	5.00127
17.0116	5.0013
18.0123	5.00132
19.013	5.00134
20.0137	5.00135
21.0144	5.00137
22.0151	5.00138
23.0158	5.0014
24.0164	5.00141
25.0171	5.00144
26.0178	5.00145
27.0185	5.00146
28.0192	5.00148
29.0199	5.00149
30.0205	5.0015
31.0212	5.00151
32.0219	5.00153
33.0226	5.00155
34.0233	5.00156
35.024	5.00157
36.0247	5.00158
37.0253	5.00159
38.026	5.00159
39.0267	5.0016
40.0274	5.00162
41.0281	5.00163
42.0288	5.00163
43.0295	5.00164
44.0301	5.00165
45.0308	5.00165
46.0315	5.00166
47.0322	5.00166
48.0329	5.00167
49.0336	5.00167
50.0342	5.00168
51.0349	5.00168
52.0356	5.00169
53.0363	5.00169
54.037	5.0017
55.0377	5.00171
56.0384	5.00172
57.039	5.00173
58.0397	5.00175
59.0404	5.00176
60.0411	5.00177
61.0418	5.00179
62.0425	5.0018
63.0432	5.00182
64.0438	5.00184
65.0445	5.00186
66.0452	5.00187
67.0459	5.00189
68.0466	5.00191
69.0473	5.00193
70.0479	5.00195
71.0486	5.00197
72.0493	5.00199
73.05	5.00201
74.0507	5.00203
75.0514	5.00205
76.0521	5.00207
77.0527	5.00209
78.0534	5.00211
79.0541	5.00214
80.0548	5.00216
81.0555	5.00218
82.0562	5.0022
83.0568	5.00222
84.0575	5.00224
85.0582	5.00227
86.0589	5.00229
87.0596	5.00231
88.0603	5.00234
89.061	5.00236
90.0616	5.00238
91.0623	5.0024
92.063	5.00243
93.0637	5.00245
94.0644	5.00247
95.0651	5.0025
96.0658	5.00252
97.0664	5.00255
98.0671	5.00257
99.0678	5.0026
100.068	5.00262
0	5
1.00068	5
2.00137	5
3.00205	5.00105
4.00274	5.00111
5.00342	5.00112
6.00411	5.00113
7.00479	5.00115
8.00548	5.00118
9.00616	5.0012
10.0068	5.00121
11.0075	5.00123
12.0082	5.00125
13.0089	5.00127
14.0096	5.00129
15.0103	5.00131
16.011	5.00133
17.0116	5.00136
18.0123	5.00138
19.013	5.0014
20.0137	5.00141
21.0144	5.00143
22.0151	5.00144
23.0158	5.00146
24.0164	5.00148
25.0171	5.0015
26.0178	5.00152
27.0185	5.00153
28.0192	5.00154
29.0199	5.00155
30.0205	5.00157
31.0212	5.00158
32.0219	5.00159
33.0226	5.00161
34.0233	5.00162
35.024	5.00163
36.0247	5.00164
37.0253	5.00165
38.026	5.00166
39.0267	5.00166
40.0274	5.00168
41.0281	5.00169
42.0288	5.00169
43.0295	5.0017
44.0301	5.0017
45.0308	5.0017
46.0315	5.00171
47.0322	5.00171
48.0329	5.00172
49.0336	5.00172
50.0342	5.00173
51.0349	5.00173
52.0356	5.00174
53.0363	5.00174
54.037	5.00175
55.0377	5.00176
56.0384	5.00177
57.039	5.00178
58.0397	5.00179
59.0404	5.0018
60.0411	5.00182
61.0418	5.00183
62.0425	5.00185
63.0432	5.00186
64.0438	5.00188
65.0445	5.0019
66.0452	5.00192
67.0459	5.00193
68.0466	5.00195
69.0473	5.00197
70.0479	5.00199
71.0486	5.00202
72.0493	5.00204
73.05	5.00206
74.0507	5.00208
75.0514	5.0021
76.0521	5.00212
77.0527	5.00215
78.0534	5.00217
79.0541	5.00219
80.0548	5.00221
81.0555	5.00224
82.0562	5.00226
83.0568	5.00228
84.0575	5.00231
85.0582	5.00233
86.0589	5.00236
87.0596	5.00238
88.0603	5.00241
89.061	5.00243
90.0616	5.00246
91.0623	5.00248
92.063	5.00251
93.0637	5.00253
94.0644	5.00256
95.0651	5.00258
96.0658	5.00261
97.0664	5.00264
98.0671	5.00266
99.0678	5.00269
100.068	5.00272
0	5
1.00068	5
2.00137	5
3.00205	5
4.00274	5
5.00342	5
6.00411	5
7.00479	5
8.00548	5
9.00616	5
10.0068	5
11.0075	5
12.0082	5
13.0089	5
14.0096	5
15.0103	5
16.011	5
17.0116	5
18.0123	5
19.013	5
20.0137	5.00092
21.0144	5.00094
22.0151	5.00096
23.0158	5.00098
24.0164	5.001
25.0171	5.00102
26.0178	5.00104
27.0185	5.00105
28.0192	5.00107
29.0199	5.00108
30.0205	5
31.0212	5
32.0219	5
33.0226	5
34.0233	5
35.024	5
36.0247	5
37.0253	5
38.026	5
39.0267	5
40.0274	5
41.0281	5
42.0288	5
43.0295	5
44.0301	5
45.0308	5
46.0315	5
47.0322	5
48.0329	5
49.0336	5
50.0342	5
51.0349	5
52.0356	5
53.0363	5
54.037	5
55.0377	5
56.0384	5
57.039	5
58.0397	5
59.0404	5
60.0411	5
61.0418	5
62.0425	5
63.0432	5
64.0438	5
65.0445	5
66.0452	5
67.0459	5
68.0466	5
69.0473	5
70.0479	5
71.0486	5
72.0493	5
73.05	5
74.0507	5
75.0514	5
76.0521	5
77.0527	5
78.0534	5
79.0541	5
80.0548	5
81.0555	5
82.0562	5
83.0568	5
84.0575	5
85.0582	5
86.0589	5
87.0596	5
88.0603	5
89.061	5
90.0616	5
91.0623	5
92.063	5
93.0637	5
94.0644	5
95.0651	5
96.0658	5
97.0664	5
98.0671	5
99.0678	5
100.068	5
0	5
1.00068	5
2.00137	5
3.00205	5.00026
4.00274	5.00026
5.00342	5.00026
6.00411	5.00027
7.00479	5.00027
8.00548	5.00028
9.00616	5.00028
10.0068	5.00028
11.0075	5.00029
12.0082	5.00029
13.0089	5.00029
14.0096	5.00029
15.0103	5.00029
16.011	5.00029
17.0116	5.00028
18.0123	5.00029
19.013	5.00028
20.0137	5.00028
21.0144	5.00029
22.0151	5.00027
23.0158	5.00027
24.0164	5.00028
25.0171	5.00025
26.0178	5.00025
27.0185	5.00026
28.0192	5.00026
29.0199	5.00022
30.0205	5.00022
31.0212	5.00026
32.0219	5.00031
33.0226	5.00038
34.0233	5.00047
35.024	5.00058
36.0247	5.00072
37.0253	5.00091
38.026	5.0012
39.0267	5.00174
40.0274	5.00306
41.0281	5.00707
42.0288	5.02083
43.0295	5.07162
44.0301	5.26821
45.0308	6.05024
46.0315	9.13168
47.0322	20.2045
48.0329	51.4404
49.0336	107.3
50.0342	162.184
51.0349	192.487
52.0356	205.035
53.0363	210.153
54.037	212.455
55.0377	213.329
56.0384	213.279
57.039	212.536
58.0397	211.333
59.0404	209.835
60.0411	207.919
61.0418	205.734
62.0425	203.377
63.0432	200.889
64.0438	198.297
65.0445	195.627
66.0452	192.908
67.0459	190.17
68.0466	187.437
69.0473	184.732
70.0479	182.072
71.0486	179.47
72.0493	176.934
73.05	174.471
74.0507	172.083
75.0514	169.773
76.0521	167.54
77.0527	165.382
78.0534	163.299
79.0541	161.288
80.0548	159.347
81.0555	157.473
82.0562	155.664
83.0568	153.917
84.0575	152.229
85.0582	150.596
86.0589	149.016
87.0596	147.486
88.0603	146.005
89.061	144.57
90.0616	143.179
91.0623	141.83
92.063	140.52
93.0637	139.248
94.0644	138.011
95.0651	136.808
96.0658	135.637
97.0664	134.497
98.0671	133.386
99.0678	132.303
100.068	131.247
0	5
1.00068	5
2.00137	5
3.00205	5
4.00274	5
5.00342	5
6.00411	5
7.00479	5
8.00548	5
9.00616	5
10.0068	5
11.0075	5
12.0082	5
13.0089	5
14.0096	5
15.0103	5
16.011	5
17.0116	5
18.0123	5
19.013	5
20.0137	5
21.0144	5
22.0151	5
23.0158	5
24.0164	5
25.0171	5
26.0178	5
27.0185	5
28.0192	5
29.0199	5
30.0205	5
31.0212	5
32.0219	5
33.0226	5
34.0233	5
35.024	5
36.0247	5
37.0253	5
38.026	5
39.0267	5
40.0274	5
41.0281	5
42.0288	5
43.0295	5
44.0301	5
45.0308	5
46.0315	5
47.0322	5
48.0329	5
49.0336	5
50.0342	5
51.0349	5
52.0356	5
53.0363	5
54.037	5
55.0377	5
56.0384	5
57.039	5
58.0397	5
59.0404	5
60.0411	5
61.0418	5
62.0425	5
63.0432	5
64.0438	5
65.0445	5
66.0452	5
67.0459	5
68.0466	5
69.0473	5
70.0479	5
71.0486	5
72.0493	5
73.05	5
74.0507	5
75.0514	5
76.0521	5
77.0527	5
78.0534	5
79.0541	5
80.0548	5
81.0555	5
82.0562	5
83.0568	5
84.0575	5
85.0582	5
86.0589	5
87.0596	5
88.0603	5
89.061	5
90.0616	5
91.0623	5
92.063	5
93.0637	5
94.0644	5
95.0651	5
96.0658	5
97.0664	5
98.0671	5
99.0678	5
100.068	5
0	5
1.00068	5
2.00137	5
3.00205	5.00044
4.00274	5.00045
5.00342	5.00046
6.00411	5.00047
7.00479	5.00047
8.00548	5.00048
9.00616	5.00048
10.0068	5.00048
11.0075	5.00048
12.0082	5.00049
13.0089	5.00054
14.0096	5.00062
15.0103	5.00073
16.011	5.00088
17.0116	5.00109
18.0123	5.00139
19.013	5.00179
20.0137	5.00235
21.0144	5.00322
22.0151	5.00522
23.0158	5.01826
24.0164	5.20817
25.0171	8.63779
26.0178	50.4363
27.0185	181.257
28.0192	248.056
29.0199	258.352
30.0205	260.533
31.0212	262.232
32.0219	262.986
33.0226	262.473
34.0233	261.226
35.024	259.584
36.0247	257.826
37.0253	256.167
38.026	254.651
39.0267	253.26
40.0274	251.993
41.0281	250.843
42.0288	249.775
43.0295	248.79
44.0301	247.829
45.0308	246.852
46.0315	245.827
47.0322	244.719
48.0329	243.464
49.0336	242.017
50.0342	240.246
51.0349	237.915
52.0356	234.818
53.0363	230.942
54.037	226.493
55.0377	221.742
56.0384	216.92
57.039	212.184
58.0397	207.628
59.0404	203.303
60.0411	199.227
61.0418	195.399
62.0425	191.811
63.0432	188.448
64.0438	185.293
65.0445	182.326
66.0452	179.529
67.0459	176.884
68.0466	174.376
69.0473	171.993
70.0479	169.722
71.0486	167.556
72.0493	165.483
73.05	163.495
74.0507	161.585
75.0514	159.747
76.0521	157.977
77.0527	156.271
78.0534	154.624
79.0541	153.032
80.0548	151.491
81.0555	149.997
82.0562	148.548
83.0568	147.141
84.0575	145.774
85.0582	144.445
86.0589	143.153
87.0596	141.895
88.0603	140.67
89.061	139.477
90.0616	138.313
91.0623	137.178
92.063	136.071
93.0637	134.99
94.0644	133.935
95.0651	132.904
96.0658	131.896
97.0664	130.911
98.0671	129.949
99.0678	129.007
100.068	128.085
0	5
1.00068	5
2.00137	5
3.00205	5.00044
4.00274	5.00045
5.00342	5.00046
6.00411	5.00047
7.00479	5.00047
8.00548	5.00048
9.00616	5.00048
10.0068	5.00048
11.0075	5.00048
12.0082	5.00049
13.0089	5.00054
14.0096	5.00062
15.0103	5.00073
16.011	5.00088
17.0116	5.00109
18.0123	5.00139
19.013	5.00179
20.0137	5.00235
21.0144	5.00322
22.0151	5.00522
23.0158	5.01826
24.0164	5.20817
25.0171	8.63779
26.0178	50.4363
27.0185	181.257
28.0192	248.056
29.0199	258.352
30.0205	260.533
31.0212	262.232
32.0219	262.986
33.0226	262.473
34.0233	261.226
35.024	259.584
36.0247	257.826
37.0253	256.167
38.026	254.651
39.0267	253.26
40.0274	251.993
41.0281	250.843
42.0288	249.775
43.0295	248.79
44.0301	247.829
45.0308	246.852
46.0315	245.827
47.0322	244.719
48.0329	243.464
49.0336	242.017
50.0342	240.246
51.0349	237.915
52.0356	234.818
53.0363	230.942
54.037	226.493
55.0377	221.742
56.0384	216.92
57.039	212.184
58.0397	207.628
59.0404	203.303
60.0411	199.227
61.0418	195.399
62.0425	191.811
63.0432	188.448
64.0438	185.293
65.0445	182.326
66.0452	179.529
67.0459	176.884
68.0466	174.376
69.0473	171.993
70.0479	169.722
71.0486	167.556
72.0493	165.483
73.05	163.495
74.0507	161.585
75.0514	159.747
76.0521	157.977
77.0527	156.271
78.0534	154.624
79.0541	153.032
80.0548	151.491
81.0555	149.997
82.0562	148.548
83.0568	147.141
84.0575	145.774
85.0582	144.445
86.0589	143.153
87.0596	141.895
88.0603	140.67
89.061	139.477
90.0616	138.313
91.0623	137.178
92.063	136.071
93.0637	134.99
94.0644	133.935
95.0651	132.904
96.0658	131.896
97.0664	130.911
98.0671	129.949
99.0678	129.007
100.068	128.085
0	5
1.00068	5
2.00137	5
3.00205	5.00044
4.00274	5.00045
5.00342	5.00046
6.00411	5.00047
7.00479	5.00047
8.00548	5.00048
9.00616	5.00048
10.0068	5.00048
11.0075	5.00048
12.0082	5.00049
13.0089	5.00054
14.0096	5.00062
15.0103	5.00073
16.011	5.00088
17.0116	5.00109
18.0123	5.00139
19.013	5.00179
20.0137	5.00235
21.0144	5.00322
22.0151	5.00522
23.0158	5.01826
24.0164	5.20817
25.0171	8.63779
26.0178	50.4363
27.0185	181.257
28.0192	248.056
29.0199	258.352
30.0205	260.533
31.0212	262.232
32.0219	262.986
33.0226	262.473
34.0233	261.226
35.024	259.584
36.0247	257.826
37.0253	256.167
38.026	254.651
39.0267	253.26
40.0274	251.993
41.0281	250.843
42.0288	249.775
43.0295	248.79
44.0301	247.829
45.0308	246.852
46.0315	245.827
47.0322	244.719
48.0329	243.464
49.0336	242.017
50.0342	240.246
51.0349	237.915
52.0356	234.818
53.0363	230.942
54.037	226.493
55.0377	221.742
56.0384	216.92
57.039	212.184
58.0397	207.628
59.0404	203.303
60.0411	199.227
61.0418	195.399
62.0425	191.811
63.0432	188.448
64.0438	185.293
65.0445	182.326
66.0452	179.529
67.0459	176.884
68.0466	174.376
69.0473	171.993
70.0479	169.722
71.0486	167.556
72.0493	165.483
73.05	163.495
74.0507	161.585
75.0514	159.747
76.0521	157.977
77.0527	156.271
78.0534	154.624
79.0541	153.032
80.0548	151.491
81.0555	149.997
82.0562	148.548
83.0568	147.141
84.0575	145.774
85.0582	144.445
86.0589	143.153
87.0596	141.895
88.0603	140.67
89.061	139.477
90.0616	138.313
91.0623	137.178
92.063	136.071
93.0637	134.99
94.0644	133.935
95.0651	132.904
96.0658	131.896
97.0664	130.911
98.0671	129.949
99.0678	129.007
100.068	128.085
0	5
1.00068	5
2.00137	5
3.00205	5.00044
4.00274	5.00045
5.00342	5.00046
6.00411	5.00047
7.00479	5.00047
8.00548	5.00048
9.00616	5.00048
10.0068	5.00048
11.0075	5.00048
12.0082	5.00049
13.0089	5.00054
14.0096	5.00062
15.0103	5.00073
16.011	5.00088
17.0116	5.00109
18.0123	5.00139
19.013	5.00179
20.0137	5.00235
21.0144	5.00322
22.0151	5.00522
23.0158	5.01826
24.0164	5.20817
25.0171	8.63779
26.0178	50.4363
27.0185	181.257
28.0192	248.056
29.0199	258.352
30.0205	260.533
31.0212	262.232
32.0219	262.986
33.0226	262.473
34.0233	261.226
35.024	259.584
36.0247	257.826
37.0253	256.167
38.026	254.651
39.0267	253.26
40.0274	251.993
41.0281	250.843
42.0288	249.775
43.0295	248.79
44.0301	247.829
45.0308	246.852
46.0315	245.827
47.0322	244.719
48.0329	243.464
49.0336	242.017
50.0342	240.246
51.0349	237.915
52.0356	234.818
53.0363	230.942
54.037	226.493
55.0377	221.742
56.0384	216.92
57.039	212.184
58.0397	207.628
59.0404	203.303
60.0411	199.227
61.0418	195.399
62.0425	191.811
63.0432	188.448
64.0438	185.293
65.0445	182.326
66.0452	179.529
67.0459	176.884
68.0466	174.376
69.0473	171.993
70.0479	169.722
71.0486	167.556
72.0493	165.483
73.05	163.495
74.0507	161.585
75.0514	159.747
76.0521	157.977
77.0527	156.271
78.0534	154.624
79.0541	153.032
80.0548	151.491
81.0555	149.997
82.0562	148.548
83.0568	147.141
84.0575	145.774
85.0582	144.445
86.0589	143.153
87.0596	141.895
88.0603	140.67
89.061	139.477
90.0616	138.313
91.0623	137.178
92.063	136.071
93.0637	134.99
94.0644	133.935
95.0651	132.904
96.0658	131.896
97.0664	130.911
98.0671	129.949
99.0678	129.007
100.068	128.085
0	5
0	5
0	5
1.00068	5
2.00137	5.0004
3.00205	5.00047
4.00274	5.0005
5.00342	5.00051
6.00411	5.00052
7.00479	5.00052
8.00548	5.00053
9.00616	5.00054
10.0068	5.00054
11.0075	5.00054
12.0082	5.00053
13.0089	5.00054
14.0096	5.00056
15.0103	5.00059
16.011	5.00066
17.0116	5.00075
18.0123	5.0009
19.013	5.00113
20.0137	5.00148
21.0144	5.00205
22.0151	5.00418
23.0158	5.10396
24.0164	12.7749
25.0171	119.708
26.0178	228.482
27.0185	230.855
28.0192	228.119
29.0199	227.215
30.0205	227.685
31.0212	227.339
32.0219	225.12
33.0226	221.395
34.0233	216.351
35.024	210.546
36.0247	204.791
37.0253	199.279
38.026	194.179
39.0267	189.391
40.0274	184.964
41.0281	181.006
42.0288	177.658
43.0295	174.811
44.0301	338.77
45.0308	323.32
46.0315	321.195
47.0322	320.441
48.0329	320.312
49.0336	319.543
50.0342	319.925
51.0349	318.324
52.0356	313.993
53.0363	308.536
54.037	303.26
55.0377	369.074
56.0384	366.629
57.039	360.683
58.0397	351.164
59.0404	339.211
60.0411	326.959
61.0418	315.827
62.0425	307.095
63.0432	301.016
64.0438	296.219
65.0445	291.431
66.0452	286.545
67.0459	282.001
68.0466	278.117
69.0473	274.931
70.0479	272.788
71.0486	279.661
72.0493	287.811
73.05	292.202
74.0507	293.796
75.0514	293.214
76.0521	291.976
77.0527	290.635
78.0534	288.848
79.0541	286.203
80.0548	282.953
81.0555	279.616
82.0562	276.542
83.0568	276.008
84.0575	286.587
85.0582	300.251
86.0589	303.664
87.0596	299.373
88.0603	291.4
89.061	286.803
90.0616	289.409
91.0623	298.361
92.063	300.773
93.0637	298.196
94.0644	293.608
95.0651	289.79
96.0658	283.824
97.0664	272.315
98.0671	257.418
99.0678	256.682
100.068	256.994
0	5
1.00068	5
2.00137	5.0004
3.00205	5.00047
4.00274	5.0005
5.00342	5.00051
6.00411	5.00052
7.00479	5.00052
8.00548	5.00053
9.00616	5.00054
10.0068	5.00054
11.0075	5.00054
12.0082	5.00053
13.0089	5.00054
14.0096	5.00056
15.0103	5.00059
16.011	5.00066
17.0116	5.00075
18.0123	5.0009
19.013	5.00113
20.0137	5.00148
21.0144	5.00205
22.0151	5.00418
23.0158	5.10396
24.0164	12.7749
25.0171	119.708
26.0178	228.482
27.0185	230.855
28.0192	228.119
29.0199	227.215
30.0205	227.685
31.0212	227.339
32.0219	225.12
33.0226	221.395
34.0233	216.351
35.024	210.546
36.0247	204.791
37.0253	199.279
38.026	194.179
39.0267	189.391
40.0274	184.964
41.0281	181.006
42.0288	177.658
43.0295	174.811
44.0301	338.77
45.0308	323.32
46.0315	321.195
47.0322	320.441
48.0329	320.312
49.0336	319.543
50.0342	319.925
51.0349	318.324
52.0356	313.993
53.0363	308.536
54.037	303.26
55.0377	369.074
56.0384	366.629
57.039	360.683
58.0397	351.164
59.0404	339.211
60.0411	326.959
61.0418	315.827
62.0425	307.095
63.0432	301.016
64.0438	296.219
65.0445	291.431
66.0452	286.545
67.0459	282.001
68.0466	278.117
69.0473	274.931
70.0479	272.788
71.0486	279.661
72.0493	287.811
73.05	292.202
74.0507	293.796
75.0514	293.214
76.0521	291.976
77.0527	290.635
78.0534	288.848
79.0541	286.203
80.0548	282.953
81.0555	279.616
82.0562	276.542
83.0568	276.008
84.0575	286.587
85.0582	300.251
86.0589	303.664
87.0596	299.373
88.0603	291.4
89.061	286.803
90.0616	289.409
91.0623	298.361
92.063	300.773
93.0637	298.196
94.0644	293.608
95.0651	289.79
96.0658	283.824
97.0664	272.315
98.0671	257.418
99.0678	256.682
100.068	256.994
0	5
1.00068	5
2.00137	5.0004
3.00205	5.00047
4.00274	5.0005
5.00342	5.00051
6.00411	5.00052
7.00479	5.00052
8.00548	5.00053
9.00616	5.00054
10.0068	5.00054
11.0075	5.00054
12.0082	5.00053
13.0089	5.00054
14.0096	5.00056
15.0103	5.00059
16.011	5.00066
17.0116	5.00075
18.0123	5.0009
19.013	5.00113
20.0137	5.00148
21.0144	5.00205
22.0151	5.00418
23.0158	5.10396
24.0164	12.7749
25.0171	119.708
26.0178	228.482
27.0185	230.855
28.0192	228.119
29.0199	227.215
30.0205	227.685
31.0212	227.339
32.0219	225.12
33.0226	221.395
34.0233	216.351
35.024	210.546
36.0247	204.791
37.0253	199.279
38.026	194.179
39.0267	189.391
40.0274	184.964
41.0281	181.006
42.0288	177.658
43.0295	174.811
44.0301	338.77
45.0308	323.32
46.0315	321.195
47.0322	320.441
48.0329	320.312
49.0336	319.543
50.0342	319.925
51.0349	318.324
52.0356	313.993
53.0363	308.536
54.037	303.26
55.0377	369.074
56.0384	366.629
57.039	360.683
58.0397	351.164
59.0404	339.211
60.0411	326.959
61.0418	315.827
62.0425	307.095
63.0432	301.016
64.0438	296.219
65.0445	291.431
66.0452	286.545
67.0459	282.001
68.0466	278.117
69.0473	274.931
70.0479	272.788
71.0486	279.661
72.0493	287.811
73.05	292.202
74.0507	293.796
75.0514	293.214
76.0521	291.976
77.0527	290.635
78.0534	288.848
79.0541	286.203
80.0548	282.953
81.0555	279.616
82.0562	276.542
83.0568	276.008
84.0575	286.587
85.0582	300.251
86.0589	303.664
87.0596	299.373
88.0603	291.4
89.061	286.803
90.0616	289.409
91.0623	298.361
92.063	300.773
93.0637	298.196
94.0644	293.608
95.0651	289.79
96.0658	283.824
97.0664	272.315
98.0671	257.418
99.0678	256.682
100.068	256.994
0	5
1.00068	5
2.00137	5.0004
3.00205	5.00047
4.00274	5.0005
5.00342	5.00051
6.00411	5.00052
7.00479	5.00052
8.00548	5.00053
9.00616	5.00054
10.0068	5.00054
11.0075	5.00054
12.0082	5.00053
13.0089	5.00054
14.0096	5.00056
15.0103	5.00059
16.011	5.00066
17.0116	5.00075
18.0123	5.0009
19.013	5.00113
20.0137	5.00148
21.0144	5.00205
22.0151	5.00418
23.0158	5.10396
24.0164	12.7749
25.0171	119.708
26.0178	228.482
27.0185	230.855
28.0192	228.119
29.0199	227.215
30.0205	227.685
31.0212	227.339
32.0219	225.12
33.0226	221.395
34.0233	216.351
35.024	210.546
36.0247	204.791
37.0253	199.279
38.026	194.179
39.0267	189.391
40.0274	184.964
41.0281	181.006
42.0288	177.658
43.0295	174.811
44.0301	338.77
45.0308	323.32
46.0315	321.195
47.0322	320.441
48.0329	320.312
49.0336	319.543
50.0342	319.925
51.0349	318.324
52.0356	313.993
53.0363	308.536
54.037	303.26
55.0377	369.074
56.0384	366.629
57.039	360.683
58.0397	351.164
59.0404	339.211
60.0411	326.959
61.0418	315.827
62.0425	307.095
63.0432	301.016
64.0438	296.219
65.0445	291.431
66.0452	286.545
67.0459	282.001
68.0466	278.117
69.0473	274.931
70.0479	272.788
71.0486	279.661
72.0493	287.811
73.05	292.202
74.0507	293.796
75.0514	293.214
76.0521	291.976
77.0527	290.635
78.0534	288.848
79.0541	286.203
80.0548	282.953
81.0555	279.616
82.0562	276.542
83.0568	276.008
84.0575	286.587
85.0582	300.251
86.0589	303.664
87.0596	299.373
88.0603	291.4
89.061	286.803
90.0616	289.409
91.0623	298.361
92.063	300.773
93.0637	298.196
94.0644	293.608
95.0651	289.79
96.0658	283.824
97.0664	272.315
98.0671	257.418
99.0678	256.682
100.068	256.994
0	5
1.00068	5
2.00137	5.0004
3.00205	5.00046
4.00274	5.00046
5.00342	5.00046
6.00411	5.00047
7.00479	5.00047
8.00548	5.00048
9.00616	5.00048
10.0068	5.00048
11.0075	5.00049
12.0082	5.00048
13.0089	5.00048
14.0096	5.00048
15.0103	5.00049
16.011	5.00052
17.0116	5.00054
18.0123	5.00058
19.013	5.00061
20.0137	5.00065
21.0144	5.00068
22.0151	5.00079
23.0158	5.00262
24.0164	5.03495
25.0171	5.7768
26.0178	20.7093
27.0185	117.931
28.0192	223.337
29.0199	245.156
30.0205	244.448
31.0212	243.345
32.0219	243.441
33.0226	244.95
34.0233	246.076
35.024	245.388
36.0247	244.008
37.0253	242.841
38.026	241.982
39.0267	241.24
40.0274	247.963
41.0281	250.944
42.0288	251.465
43.0295	251.323
44.0301	250.969
45.0308	250.01
46.0315	248.715
47.0322	247.372
48.0329	246.034
49.0336	244.729
50.0342	243.512
51.0349	242.367
52.0356	241.211
53.0363	239.948
54.037	238.367
55.0377	236.279
56.0384	233.685
57.039	230.668
58.0397	227.231
59.0404	223.543
60.0411	219.777
61.0418	216.043
62.0425	212.399
63.0432	208.875
64.0438	205.483
65.0445	202.227
66.0452	199.106
67.0459	196.115
68.0466	193.247
69.0473	190.492
70.0479	187.844
71.0486	185.292
72.0493	182.829
73.05	180.488
74.0507	178.209
75.0514	175.991
76.0521	173.834
77.0527	171.737
78.0534	169.698
79.0541	167.715
80.0548	165.788
81.0555	163.915
82.0562	162.094
83.0568	160.324
84.0575	158.603
85.0582	156.928
86.0589	155.299
87.0596	153.712
88.0603	152.165
89.061	150.655
90.0616	149.17
91.0623	147.711
92.063	146.309
93.0637	144.962
94.0644	143.657
95.0651	142.387
96.0658	141.147
97.0664	139.933
98.0671	138.742
99.0678	137.575
100.068	136.43
0	5
1.00068	5
2.00137	5.0004
3.00205	5.00046
4.00274	5.00046
5.00342	5.00046
6.00411	5.00047
7.00479	5.00047
8.00548	5.00048
9.00616	5.00048
10.0068	5.00048
11.0075	5.00049
12.0082	5.00048
13.0089	5.00048
14.0096	5.00048
15.0103	5.00049
16.011	5.00052
17.0116	5.00054
18.0123	5.00058
19.013	5.00061
20.0137	5.00065
21.0144	5.00068
22.0151	5.00079
23.0158	5.00262
24.0164	5.03495
25.0171	5.7768
26.0178	20.7093
27.0185	117.931
28.0192	223.337
29.0199	245.156
30.0205	244.448
31.0212	243.345
32.0219	243.441
33.0226	244.95
34.0233	246.076
35.024	245.388
36.0247	244.008
37.0253	242.841
38.026	241.982
39.0267	241.24
40.0274	247.963
41.0281	250.944
42.0288	251.465
43.0295	251.323
44.0301	250.969
45.0308	250.01
46.0315	248.715
47.0322	247.372
48.0329	246.034
49.0336	244.729
50.0342	243.512
51.0349	242.367
52.0356	241.211
53.0363	239.948
54.037	238.367
55.0377	236.279
56.0384	233.685
57.039	230.668
58.0397	227.231
59.0404	223.543
60.0411	219.777
61.0418	216.043
62.0425	212.399
63.0432	208.875
64.0438	205.483
65.0445	202.227
66.0452	199.106
67.0459	196.115
68.0466	193.246
69.0473	190.492
70.0479	187.844
71.0486	185.292
72.0493	182.829
73.05	180.488
74.0507	178.208
75.0514	175.991
76.0521	173.834
77.0527	171.737
78.0534	169.697
79.0541	167.715
80.0548	165.788
81.0555	163.915
82.0562	162.094
83.0568	160.324
84.0575	158.602
85.0582	156.928
86.0589	155.299
87.0596	153.712
88.0603	152.165
89.061	150.654
90.0616	149.17
91.0623	147.711
92.063	146.309
93.0637	144.961
94.0644	143.657
95.0651	142.387
96.0658	141.147
97.0664	139.932
98.0671	138.742
99.0678	137.575
100.068	136.43
0	500
1.00068	500
2.00137	500
3.00205	500
4.00274	500
5.00342	500
6.00411	500
7.00479	500
8.00548	500
9.00616	500
10.0068	500
11.0075	500
12.0082	500
13.0089	500
14.0096	500
15.0103	500
16.011	500
17.0116	500
18.0123	500
19.013	500
20.0137	500
21.0144	500
22.0151	500
23.0158	500
24.0164	500
25.0171	500
0	5
1.00068	5
2.00137	5.0004
3.00205	5.00046
4.00274	5.00046
5.00342	5.00046
6.00411	5.00047
7.00479	5.00047
8.00548	5.00048
9.00616	5.00048
10.0068	5.00048
11.0075	5.00049
12.0082	5.00048
13.0089	5.00048
14.0096	5.00048
15.0103	5.00049
16.011	5.00052
17.0116	5.00054
18.0123	5.00058
19.013	5.00061
20.0137	5.00065
21.0144	5.00068
22.0151	5.00079
23.0158	5.00262
24.0164	5.03495
25.0171	5.7768
26.0178	20.7093
27.0185	117.931
28.0192	223.337
29.0199	245.156
30.0205	244.448
31.0212	243.345
32.0219	243.441
33.0226	244.95
34.0233	246.076
35.024	245.388
36.0247	244.008
37.0253	242.841
38.026	241.982
39.0267	241.24
40.0274	247.963
41.0281	250.944
42.0288	251.465
43.0295	251.323
44.0301	250.969
45.0308	250.01
46.0315	248.715
47.0322	247.372
48.0329	246.034
49.0336	244.729
50.0342	243.512
51.0349	242.367
52.0356	241.211
53.0363	239.948
54.037	238.367
55.0377	236.279
56.0384	233.685
57.039	230.668
58.0397	227.231
59.0404	223.543
60.0411	219.777
61.0418	216.043
62.0425	212.399
63.0432	208.875
64.0438	205.483
65.0445	202.227
66.0452	199.106
67.0459	196.115
68.0466	193.247
69.0473	190.492
70.0479	187.844
71.0486	185.292
72.0493	182.829
73.05	180.488
74.0507	178.209
75.0514	175.991
76.0521	173.834
77.0527	171.737
78.0534	169.698
79.0541	167.715
80.0548	165.788
81.0555	163.915
82.0562	162.094
83.0568	160.324
84.0575	158.603
85.0582	156.928
86.0589	155.299
87.0596	153.712
88.0603	152.165
89.061	150.655
90.0616	149.17
91.0623	147.711
92.063	146.309
93.0637	144.962
94.0644	143.657
95.0651	142.387
96.0658	141.147
97.0664	139.933
98.0671	138.742
99.0678	137.575
100.068	136.43
0	5
1.00068	5
2.00137	5.0004
3.00205	5.00046
4.00274	5.00046
5.00342	5.00046
6.00411	5.00047
7.00479	5.00047
8.00548	5.00048
9.00616	5.00048
10.0068	5.00048
11.0075	5.00049
12.0082	5.00048
13.0089	5.00048
14.0096	5.00048
15.0103	5.00049
16.011	5.00052
17.0116	5.00054
18.0123	5.00058
19.013	5.00061
20.0137	5.00065
21.0144	5.00068
22.0151	5.00079
23.0158	5.00262
24.0164	5.03495
25.0171	5.7768
26.0178	20.7093
27.0185	117.931
28.0192	223.337
29.0199	245.156
30.0205	244.448
31.0212	243.345
32.0219	243.441
33.0226	244.95
34.0233	246.076
35.024	245.388
36.0247	244.008
37.0253	242.841
38.026	241.982
39.0267	241.24
40.0274	247.963
41.0281	250.944
42.0288	251.465
43.0295	251.323
44.0301	250.969
45.0308	250.01
46.0315	248.715
47.0322	247.372
48.0329	246.034
49.0336	244.729
50.0342	243.512
51.0349	242.367
52.0356	241.211
53.0363	239.948
54.037	238.367
55.0377	236.279
56.0384	233.685
57.039	230.668
58.0397	227.231
59.0404	223.543
60.0411	219.777
61.0418	216.043
62.0425	212.399
63.0432	208.875
64.0438	205.483
65.0445	202.227
66.0452	199.106
67.0459	196.115
68.0466	193.247
69.0473	190.492
70.0479	187.844
71.0486	185.292
72.0493	182.829
73.05	180.488
74.0507	178.209
75.0514	175.991
76.0521	173.834
77.0527	171.737
78.0534	169.698
79.0541	167.715
80.0548	165.788
81.0555	163.915
82.0562	162.094
83.0568	160.324
84.0575	158.603
85.0582	156.928
86.0589	155.299
87.0596	153.712
88.0603	152.165
89.061	150.655
90.0616	149.17
91.0623	147.711
92.063	146.309
93.0637	144.961
94.0644	143.657
95.0651	142.387
96.0658	141.147
97.0664	139.933
98.0671	138.742
99.0678	137.575
100.068	136.43
0	5
1.00068	5
2.00137	27.4544
3.00205	27.857
4.00274	28.3112
5.00342	28.7906
6.00411	29.2706
7.00479	29.7488
8.00548	30.2211
9.00616	30.6901
10.0068	31.1565
11.0075	31.6219
12.0082	32.0851
13.0089	32.5482
14.0096	32.9987
15.0103	33.3812
16.011	33.6114
17.0116	34.2237
18.0123	43.7706
19.013	117.595
20.0137	228.856
21.0144	263.396
22.0151	271.992
23.0158	284.851
24.0164	289.835
25.0171	288.243
26.0178	284.064
27.0185	279.932
28.0192	276.501
29.0199	275.029
30.0205	274.58
31.0212	274.525
32.0219	274.704
33.0226	274.971
34.0233	275.247
35.024	275.467
36.0247	275.714
37.0253	276.027
38.026	276.278
39.0267	276.506
40.0274	277.284
41.0281	279.037
42.0288	281.496
43.0295	283.1
44.0301	282.84
45.0308	281.498
46.0315	279.987
47.0322	278.658
48.0329	277.573
49.0336	276.746
50.0342	276.158
51.0349	275.735
52.0356	275.371
53.0363	274.999
54.037	274.612
55.0377	274.203
56.0384	273.659
57.039	272.781
58.0397	271.67
59.0404	270.941
60.0411	270.131
61.0418	269.018
62.0425	267.575
63.0432	265.906
64.0438	263.928
65.0445	262.999
66.0452	264.018
67.0459	263.994
68.0466	262.469
69.0473	259.325
70.0479	254.71
71.0486	249.398
72.0493	244.051
73.05	238.996
74.0507	234.361
75.0514	230.177
76.0521	226.428
77.0527	223.074
78.0534	220.063
79.0541	217.346
80.0548	214.88
81.0555	212.629
82.0562	210.56
83.0568	208.622
84.0575	206.833
85.0582	205.204
86.0589	203.667
87.0596	202.189
88.0603	200.756
89.061	199.361
90.0616	198
91.0623	196.67
92.063	195.368
93.0637	194.093
94.0644	192.841
95.0651	191.612
96.0658	190.403
97.0664	189.215
98.0671	188.045
99.0678	186.892
100.068	185.755
0	5
1.00068	5
2.00137	28.4396
3.00205	29.0023
4.00274	29.7313
5.00342	30.5039
6.00411	31.2839
7.00479	32.0526
8.00548	32.6835
9.00616	33.059
10.0068	36.0093
11.0075	80.9402
12.0082	199.335
13.0089	243.712
14.0096	252.214
15.0103	255.838
16.011	258.179
17.0116	259.975
18.0123	261.388
19.013	262.561
20.0137	263.477
21.0144	264.018
22.0151	263.956
23.0158	265.016
24.0164	264.473
25.0171	262.067
26.0178	259.794
27.0185	258.898
28.0192	258.307
29.0199	257.919
30.0205	257.685
31.0212	257.584
32.0219	257.588
33.0226	257.666
34.0233	257.788
35.024	257.932
36.0247	258.081
37.0253	258.212
38.026	258.305
39.0267	258.349
40.0274	258.36
41.0281	260.038
42.0288	262.22
43.0295	264.808
44.0301	267.341
45.0308	269.01
46.0315	269.514
47.0322	269.148
48.0329	268.415
49.0336	267.664
50.0342	267.15
51.0349	266.964
52.0356	267.13
53.0363	267.554
54.037	268.084
55.0377	268.624
56.0384	269.245
57.039	270.071
58.0397	270.976
59.0404	271.629
60.0411	271.874
61.0418	271.728
62.0425	271.069
63.0432	271.073
64.0438	272.041
65.0445	273.129
66.0452	274.001
67.0459	273.767
68.0466	272.244
69.0473	268.654
70.0479	263.479
71.0486	257.745
72.0493	252.126
73.05	246.946
74.0507	242.319
75.0514	238.238
76.0521	234.64
77.0527	231.445
78.0534	228.573
79.0541	225.958
80.0548	223.551
81.0555	221.314
82.0562	219.222
83.0568	217.251
84.0575	215.379
85.0582	213.585
86.0589	211.851
87.0596	210.166
88.0603	208.519
89.061	206.909
90.0616	205.33
91.0623	203.783
92.063	202.266
93.0637	200.777
94.0644	199.318
95.0651	197.887
96.0658	196.484
97.0664	195.108
98.0671	193.761
99.0678	192.439
100.068	191.144
0	5
1.00068	951.779
2.00137	909.64
3.00205	895.113
4.00274	873.804
5.00342	829.197
6.00411	317.159
7.00479	266.488
8.00548	243.832
9.00616	230.864
10.0068	224.872
11.0075	224.313
12.0082	227.721
13.0089	231.238
14.0096	234.576
15.0103	238.041
16.011	241.387
17.0116	244.632
18.0123	247.799
19.013	250.608
20.0137	252.739
21.0144	261.982
22.0151	264.224
23.0158	268.354
24.0164	269.232
25.0171	267.022
26.0178	263.717
27.0185	260.762
28.0192	258.641
29.0199	257.172
30.0205	256.13
31.0212	255.578
32.0219	255.345
33.0226	255.43
34.0233	255.838
35.024	256.223
36.0247	256.577
37.0253	257.135
38.026	258.038
39.0267	259.128
40.0274	260.394
41.0281	261.921
42.0288	263.966
43.0295	266.675
44.0301	269.352
45.0308	270.836
46.0315	270.974
47.0322	270.332
48.0329	269.395
49.0336	268.509
50.0342	267.931
51.0349	267.713
52.0356	267.748
53.0363	267.882
54.037	268.024
55.0377	268.19
56.0384	268.432
57.039	268.732
58.0397	269.014
59.0404	269.286
60.0411	269.561
61.0418	269.651
62.0425	269.385
63.0432	270.117
64.0438	271.035
65.0445	272.068
66.0452	272.883
67.0459	272.61
68.0466	271.081
69.0473	267.514
70.0479	262.371
71.0486	256.659
72.0493	251.05
73.05	245.878
74.0507	241.264
75.0514	237.206
76.0521	233.645
77.0527	230.495
78.0534	227.675
79.0541	225.114
80.0548	222.76
81.0555	220.576
82.0562	218.534
83.0568	216.611
84.0575	214.785
85.0582	213.035
86.0589	211.34
87.0596	209.687
88.0603	208.067
89.061	206.474
90.0616	204.907
91.0623	203.365
92.063	201.848
93.0637	200.356
94.0644	198.889
95.0651	197.448
96.0658	196.032
97.0664	194.643
98.0671	193.28
99.0678	191.944
100.068	190.633
0	5
1.00068	951.735
2.00137	910.534
3.00205	895.292
4.00274	873.711
5.00342	826.063
6.00411	314.909
7.00479	264.977
8.00548	243.903
9.00616	230.875
10.0068	225.744
11.0075	225.933
12.0082	229.206
13.0089	232.268
14.0096	235.53
15.0103	238.98
16.011	242.304
17.0116	245.536
18.0123	248.644
19.013	251.315
20.0137	260.992
21.0144	263.765
22.0151	267.941
23.0158	270.744
24.0164	269.323
25.0171	266.048
26.0178	262.425
27.0185	259.627
28.0192	257.702
29.0199	256.364
30.0205	255.52
31.0212	255.176
32.0219	255.514
33.0226	255.869
34.0233	256.226
35.024	256.576
36.0247	256.909
37.0253	257.495
38.026	258.491
39.0267	259.658
40.0274	261.003
41.0281	262.634
42.0288	264.805
43.0295	267.527
44.0301	269.898
45.0308	270.986
46.0315	270.892
47.0322	270.153
48.0329	269.193
49.0336	268.33
50.0342	267.827
51.0349	267.707
52.0356	267.812
53.0363	268.012
54.037	268.28
55.0377	268.637
56.0384	269.033
57.039	269.434
58.0397	269.96
59.0404	270.702
60.0411	271.434
61.0418	271.692
62.0425	271.173
63.0432	269.978
64.0438	270.231
65.0445	271.067
66.0452	271.749
67.0459	271.451
68.0466	269.998
69.0473	266.62
70.0479	261.667
71.0486	256.098
72.0493	250.589
73.05	245.48
74.0507	240.896
75.0514	236.846
76.0521	233.278
77.0527	230.118
78.0534	227.291
79.0541	224.728
80.0548	222.375
81.0555	220.192
82.0562	218.148
83.0568	216.222
84.0575	214.393
85.0582	212.641
86.0589	210.951
87.0596	209.306
88.0603	207.699
89.061	206.124
90.0616	204.578
91.0623	203.06
92.063	201.567
93.0637	200.099
94.0644	198.655
95.0651	197.235
96.0658	195.841
97.0664	194.472
98.0671	193.128
99.0678	191.81
100.068	190.516
0	5
1.00068	951.779
2.00137	909.64
3.00205	895.113
4.00274	873.804
5.00342	829.197
6.00411	317.159
7.00479	266.488
8.00548	243.832
9.00616	230.864
10.0068	224.872
11.0075	224.313
12.0082	227.721
13.0089	231.238
14.0096	234.576
15.0103	238.041
16.011	241.387
17.0116	244.632
18.0123	247.799
19.013	250.608
20.0137	252.739
21.0144	261.982
22.0151	264.224
23.0158	268.354
24.0164	269.232
25.0171	267.022
26.0178	263.717
27.0185	260.762
28.0192	258.641
29.0199	257.172
30.0205	256.13
31.0212	255.578
32.0219	255.345
33.0226	255.43
34.0233	255.838
35.024	256.223
36.0247	256.577
37.0253	257.135
38.026	258.038
39.0267	259.128
40.0274	260.394
41.0281	261.921
42.0288	263.966
43.0295	266.675
44.0301	269.352
45.0308	270.836
46.0315	270.974
47.0322	270.332
48.0329	269.395
49.0336	268.509
50.0342	267.931
51.0349	267.713
52.0356	267.748
53.0363	267.882
54.037	268.024
55.0377	268.19
56.0384	268.432
57.039	268.732
58.0397	269.014
59.0404	269.286
60.0411	269.561
61.0418	269.651
62.0425	269.385
63.0432	270.117
64.0438	271.035
65.0445	272.068
66.0452	272.883
67.0459	272.61
68.0466	271.081
69.0473	267.514
70.0479	262.371
71.0486	256.659
72.0493	251.05
73.05	245.878
74.0507	241.264
75.0514	237.206
76.0521	233.645
77.0527	230.495
78.0534	227.675
79.0541	225.114
80.0548	222.76
81.0555	220.576
82.0562	218.534
83.0568	216.611
84.0575	214.785
85.0582	213.035
86.0589	211.34
87.0596	209.687
88.0603	208.067
89.061	206.474
90.0616	204.907
91.0623	203.365
92.063	201.848
93.0637	200.356
94.0644	198.889
95.0651	197.448
96.0658	196.032
97.0664	194.643
98.0671	193.28
99.0678	191.944
100.068	190.633
0	5
1.00068	951.779
2.00137	909.64
3.00205	895.113
4.00274	873.804
5.00342	829.197
6.00411	317.159
7.00479	266.488
8.00548	243.832
9.00616	230.864
10.0068	224.872
11.0075	224.313
12.0082	227.721
13.0089	231.238
14.0096	234.576
15.0103	238.041
16.011	241.387
17.0116	244.632
18.0123	247.799
19.013	250.608
20.0137	252.739
21.0144	261.982
22.0151	264.224
23.0158	268.354
24.0164	269.232
25.0171	267.022
26.0178	263.717
27.0185	260.762
28.0192	258.641
29.0199	257.172
30.0205	256.13
31.0212	255.578
32.0219	255.345
33.0226	255.43
34.0233	255.838
35.024	256.223
36.0247	256.577
37.0253	257.135
38.026	258.038
39.0267	259.128
40.0274	260.394
41.0281	261.921
42.0288	263.966
43.0295	266.675
44.0301	269.352
45.0308	270.836
46.0315	270.974
47.0322	270.332
48.0329	269.395
49.0336	268.509
50.0342	267.931
51.0349	267.713
52.0356	267.748
53.0363	267.882
54.037	268.024
55.0377	268.19
56.0384	268.432
57.039	268.732
58.0397	269.014
59.0404	269.286
60.0411	269.561
61.0418	269.651
62.0425	269.385
63.0432	270.117
64.0438	271.035
65.0445	272.068
66.0452	272.883
67.0459	272.61
68.0466	271.081
69.0473	267.514
70.0479	262.371
71.0486	256.659
72.0493	251.05
73.05	245.878
74.0507	241.264
75.0514	237.206
76.0521	233.645
77.0527	230.495
78.0534	227.675
79.0541	225.114
80.0548	222.76
81.0555	220.576
82.0562	218.534
83.0568	216.611
84.0575	214.785
85.0582	213.035
86.0589	211.34
87.0596	209.687
88.0603	208.067
89.061	206.474
90.0616	204.907
91.0623	203.365
92.063	201.848
93.0637	200.356
94.0644	198.889
95.0651	197.448
96.0658	196.032
97.0664	194.643
98.0671	193.28
99.0678	191.944
100.068	190.633
0	5
1.00068	974.44
2.00137	969.919
0	5
1.00068	974.44
0	5
0	5
0	5
0	5
0	5
0	5
0	5
0	5
1.00068	974.44
1.00068	974.44
1.00068	974.44
1.00068	974.44
1.00068	974.44
1.00068	974.44
1.00068	974.44
1.00068	974.44
2.00137	969.919
2.00137	969.919
2.00137	969.919
2.00137	969.919
2.00137	969.919
2.00137	969.919
2.00137	969.919
2.00137	969.919
3.00205	961.748
3.00205	961.748
3.00205	961.748
3.00205	961.748
3.00205	961.748
3.00205	961.748
3.00205	961.748
3.00205	961.748
4.00274	949.541
4.00274	949.541
4.00274	949.541
4.00274	949.541
4.00274	949.541
4.00274	949.541
4.00274	949.541
4.00274	949.541
5.00342	935.031
5.00342	935.031
5.00342	935.031
5.00342	935.031
5.00342	935.031
5.00342	935.031
5.00342	935.031
5.00342	935.031
0	5
0	5
0	5
0	5
0	5
0	5
0	5
0	5
1.00068	974.44
1.00068	974.44
1.00068	974.44
1.00068	974.44
1.00068	974.44
1.00068	974.44
1.00068	974.44
1.00068	974.44
2.00137	969.919
2.00137	969.919
2.00137	969.919
2.00137	969.919
2.00137	969.919
2.00137	969.919
2.00137	969.919
2.00137	969.919
3.00205	961.748
3.00205	961.748
3.00205	961.748
3.00205	961.748
3.00205	961.748
3.00205	961.748
3.00205	961.748
3.00205	961.748
4.00274	949.541
4.00274	949.541
4.00274	949.541
4.00274	949.541
4.00274	949.541
4.00274	949.541
4.00274	949.541
4.00274	949.541
5.00342	935.031
5.00342	935.031
5.00342	935.031
5.00342	935.031
5.00342	935.031
5.00342	935.031
5.00342	935.031
5.00342	935.031
6.00411	920.022
6.00411	920.022
6.00411	920.022
6.00411	920.022
6.00411	920.022
6.00411	920.022
6.00411	920.022
6.00411	920.022
7.00479	327.741
7.00479	327.741
7.00479	327.741
7.00479	327.741
7.00479	327.741
7.00479	327.741
7.00479	327.741
7.00479	327.741
8.00548	319.672
8.00548	319.672
8.00548	319.672
8.00548	319.672
8.00548	319.672
8.00548	319.672
8.00548	319.672
8.00548	319.672
9.00616	319.218
9.00616	319.218
9.00616	319.218
9.00616	319.218
9.00616	319.218
9.00616	319.218
9.00616	319.218
9.00616	319.218
10.0068	351.478
10.0068	351.478
10.0068	351.478
10.0068	351.478
10.0068	351.478
10.0068	351.478
10.0068	351.478
10.0068	351.478
11.0075	348.511
11.0075	348.511
11.0075	348.511
11.0075	348.511
11.0075	348.511
11.0075	348.511
11.0075	348.511
11.0075	348.511
12.0082	343.842
12.0082	343.842
12.0082	343.842
12.0082	343.842
12.0082	343.842
12.0082	343.842
12.0082	343.842
12.0082	343.842
13.0089	340.678
13.0089	340.678
13.0089	340.678
13.0089	340.678
13.0089	340.678
13.0089	340.678
13.0089	340.678
13.0089	340.678
14.0096	338.849
14.0096	338.849
14.0096	338.849
14.0096	338.849
14.0096	338.849
14.0096	338.849
14.0096	338.849
14.0096	338.849
15.0103	337.959
15.0103	337.959
15.0103	337.959
15.0103	337.959
15.0103	337.959
15.0103	337.959
15.0103	337.959
15.0103	337.959
16.011	337.659
16.011	337.659
16.011	337.659
16.011	337.659
16.011	337.659
16.011	337.659
16.011	337.659
16.011	337.659
17.0116	336.937
17.0116	336.937
17.0116	336.937
17.0116	336.937
17.0116	336.937
17.0116	336.937
17.0116	336.937
17.0116	336.937
18.0123	336.437
18.0123	336.437
18.0123	336.437
18.0123	336.437
18.0123	336.437
18.0123	336.437
18.0123	336.437
18.0123	336.437
19.013	336.249
19.013	336.249
19.013	336.249
19.013	336.249
19.013	336.249
19.013	336.249
19.013	336.249
19.013	336.249
20.0137	336.194
20.0137	336.194
20.0137	336.194
20.0137	336.194
20.0137	336.194
20.0137	336.194
20.0137	336.194
20.0137	336.194
21.0144	336.165
21.0144	336.165
21.0144	336.165
21.0144	336.165
21.0144	336.165
21.0144	336.165
21.0144	336.165
21.0144	336.165
22.0151	336.012
22.0151	336.012
22.0151	336.012
22.0151	336.012
22.0151	336.012
22.0151	336.012
22.0151	336.012
22.0151	336.012
23.0158	335.725
23.0158	335.725
23.0158	335.725
23.0158	335.725
23.0158	335.725
23.0158	335.725
23.0158	335.725
23.0158	335.725
24.0164	335.35
24.0164	335.35
24.0164	335.35
24.0164	335.35
24.0164	335.35
24.0164	335.35
24.0164	335.35
24.0164	335.35
25.0171	334.801
25.0171	334.801
25.0171	334.801
25.0171	334.801
25.0171	334.801
25.0171	334.801
25.0171	334.801
25.0171	334.801
26.0178	334.031
26.0178	334.031
26.0178	334.031
26.0178	334.031
26.0178	334.031
26.0178	334.031
26.0178	334.031
26.0178	334.031
27.0185	332.896
27.0185	332.896
27.0185	332.896
27.0185	332.896
27.0185	332.896
27.0185	332.896
27.0185	332.896
27.0185	332.896
28.0192	332.278
28.0192	332.278
28.0192	332.278
28.0192	332.278
28.0192	332.278
28.0192	332.278
28.0192	332.278
28.0192	332.278
29.0199	323.148
29.0199	323.148
29.0199	323.148
29.0199	323.148
29.0199	323.148
29.0199	323.148
29.0199	323.148
29.0199	323.148
30.0205	329.227
30.0205	329.227
30.0205	329.227
30.0205	329.227
30.0205	329.227
30.0205	329.227
30.0205	329.227
30.0205	329.227
31.0212	323.31
31.0212	323.31
31.0212	323.31
31.0212	323.31
31.0212	323.31
31.0212	323.31
31.0212	323.31
31.0212	323.31
32.0219	328.684
32.0219	328.684
32.0219	328.684
32.0219	328.684
32.0219	328.684
32.0219	328.684
32.0219	328.684
32.0219	328.684
33.0226	326.367
33.0226	326.367
33.0226	326.367
33.0226	326.367
33.0226	326.367
33.0226	326.367
33.0226	326.367
33.0226	326.367
34.0233	328.927
34.0233	328.927
34.0233	328.927
34.0233	328.927
34.0233	328.927
34.0233	328.927
34.0233	328.927
34.0233	328.927
35.024	328.035
35.024	328.035
35.024	328.035
35.024	328.035
35.024	328.035
35.024	328.035
35.024	328.035
35.024	328.035
36.0247	327.953
36.0247	327.953
36.0247	327.953
36.0247	327.953
36.0247	327.953
36.0247	327.953
36.0247	327.953
36.0247	327.953
37.0253	327.989
37.0253	327.989
37.0253	327.989
37.0253	327.989
37.0253	327.989
37.0253	327.989
37.0253	327.989
37.0253	327.989
38.026	326.772
38.026	326.772
38.026	326.772
38.026	326.772
38.026	326.772
38.026	326.772
38.026	326.772
38.026	326.772
39.0267	327.599
39.0267	327.599
39.0267	327.599
39.0267	327.599
39.0267	327.599
39.0267	327.599
39.0267	327.599
39.0267	327.599
40.0274	326.051
40.0274	326.051
40.0274	326.051
40.0274	326.051
40.0274	326.051
40.0274	326.051
40.0274	326.051
40.0274	326.051
41.0281	325.747
41.0281	325.747
41.0281	325.747
41.0281	325.747
41.0281	325.747
41.0281	325.747
41.0281	325.747
41.0281	325.747
42.0288	325.879
42.0288	325.879
42.0288	325.879
42.0288	325.879
42.0288	325.879
42.0288	325.879
42.0288	325.879
42.0288	325.879
43.0295	324.896
43.0295	324.896
43.0295	324.896
43.0295	324.896
43.0295	324.896
43.0295	324.896
43.0295	324.896
43.0295	324.896
44.0301	323.406
44.0301	323.406
44.0301	323.406
44.0301	323.406
44.0301	323.406
44.0301	323.406
44.0301	323.406
44.0301	323.406
45.0308	322.428
45.0308	322.428
45.0308	322.428
45.0308	322.428
45.0308	322.428
45.0308	322.428
45.0308	322.428
45.0308	322.428
46.0315	321.618
46.0315	321.618
46.0315	321.618
46.0315	321.618
46.0315	321.618
46.0315	321.618
46.0315	321.618
46.0315	321.618
47.0322	320.614
47.0322	320.614
47.0322	320.614
47.0322	320.614
47.0322	320.614
47.0322	320.614
47.0322	320.614
47.0322	320.614
48.0329	319.827
48.0329	319.827
48.0329	319.827
48.0329	319.827
48.0329	319.827
48.0329	319.827
48.0329	319.827
48.0329	319.827
49.0336	319.143
49.0336	319.143
49.0336	319.143
49.0336	319.143
49.0336	319.143
49.0336	319.143
49.0336	319.143
49.0336	319.143
50.0342	318.182
50.0342	318.182
50.0342	318.182
50.0342	318.182
50.0342	318.182
50.0342	318.182
50.0342	318.182
50.0342	318.182
51.0349	317.152
51.0349	317.152
51.0349	317.152
51.0349	317.152
51.0349	317.152
51.0349	317.152
51.0349	317.152
51.0349	317.152
52.0356	316.217
52.0356	316.217
52.0356	316.217
52.0356	316.217
52.0356	316.217
52.0356	316.217
52.0356	316.217
52.0356	316.217
53.0363	315.595
53.0363	315.595
53.0363	315.595
53.0363	315.595
53.0363	315.595
53.0363	315.595
53.0363	315.595
53.0363	315.595
54.037	314.628
54.037	314.628
54.037	314.628
54.037	314.628
54.037	314.628
54.037	314.628
54.037	314.628
54.037	314.628
55.0377	313.966
55.0377	313.966
55.0377	313.966
55.0377	313.966
55.0377	313.966
55.0377	313.966
55.0377	313.966
55.0377	313.966
56.0384	312.943
56.0384	312.943
56.0384	312.943
56.0384	312.943
56.0384	312.943
56.0384	312.943
56.0384	312.943
56.0384	312.943
57.039	311.875
57.039	311.875
57.039	311.875
57.039	311.875
57.039	311.875
57.039	311.875
57.039	311.875
57.039	311.875
58.0397	310.851
58.0397	310.851
58.0397	310.851
58.0397	310.851
58.0397	310.851
58.0397	310.851
58.0397	310.851
58.0397	310.851
59.0404	310.189
59.0404	310.189
59.0404	310.189
59.0404	310.189
59.0404	310.189
59.0404	310.189
59.0404	310.189
59.0404	310.189
60.0411	309.27
60.0411	309.27
60.0411	309.27
60.0411	309.27
60.0411	309.27
60.0411	309.27
60.0411	309.27
60.0411	309.27
61.0418	308.566
61.0418	308.566
61.0418	308.566
61.0418	308.566
61.0418	308.566
61.0418	308.566
61.0418	308.566
61.0418	308.566
62.0425	307.68
62.0425	307.68
62.0425	307.68
62.0425	307.68
62.0425	307.68
62.0425	307.68
62.0425	307.68
62.0425	307.68
63.0432	306.953
63.0432	306.953
63.0432	306.953
63.0432	306.953
63.0432	306.953
63.0432	306.953
63.0432	306.953
63.0432	306.953
64.0438	306.093
64.0438	306.093
64.0438	306.093
64.0438	306.093
64.0438	306.093
64.0438	306.093
64.0438	306.093
64.0438	306.093
65.0445	305.183
65.0445	305.183
65.0445	305.183
65.0445	305.183
65.0445	305.183
65.0445	305.183
65.0445	305.183
65.0445	305.183
66.0452	304.236
66.0452	304.236
66.0452	304.236
66.0452	304.236
66.0452	304.236
66.0452	304.236
66.0452	304.236
66.0452	304.236
67.0459	303.207
67.0459	303.207
67.0459	303.207
67.0459	303.207
67.0459	303.207
67.0459	303.207
67.0459	303.207
67.0459	303.207
68.0466	304.05
68.0466	304.05
68.0466	304.05
68.0466	304.05
68.0466	304.05
68.0466	304.05
68.0466	304.05
68.0466	304.05
69.0473	304.679
69.0473	304.679
69.0473	304.679
69.0473	304.679
69.0473	304.679
69.0473	304.679
69.0473	304.679
69.0473	304.679
70.0479	303.015
70.0479	303.015
70.0479	303.015
70.0479	303.015
70.0479	303.015
70.0479	303.015
70.0479	303.015
70.0479	303.015
71.0486	298.338
71.0486	298.338
71.0486	298.338
71.0486	298.338
71.0486	298.338
71.0486	298.338
71.0486	298.338
71.0486	298.338
72.0493	289.11
72.0493	289.11
72.0493	289.11
72.0493	289.11
72.0493	289.11
72.0493	289.11
72.0493	289.11
72.0493	289.11
73.05	278.391
73.05	278.391
73.05	278.391
73.05	278.391
73.05	278.391
73.05	278.391
73.05	278.391
73.05	278.391
74.0507	268.095
74.0507	268.095
74.0507	268.095
74.0507	268.095
74.0507	268.095
74.0507	268.095
74.0507	268.095
74.0507	268.095
75.0514	258.875
75.0514	258.875
75.0514	258.875
75.0514	258.875
75.0514	258.875
75.0514	258.875
75.0514	258.875
75.0514	258.875
76.0521	250.916
76.0521	250.916
76.0521	250.916
76.0521	250.916
76.0521	250.916
76.0521	250.916
76.0521	250.916
76.0521	250.916
77.0527	244.315
77.0527	244.315
77.0527	244.315
77.0527	244.315
77.0527	244.315
77.0527	244.315
77.0527	244.315
77.0527	244.315
78.0534	239.048
78.0534	239.048
78.0534	239.048
78.0534	239.048
78.0534	239.048
78.0534	239.048
78.0534	239.048
78.0534	239.048
79.0541	234.861
79.0541	234.861
79.0541	234.861
79.0541	234.861
79.0541	234.861
79.0541	234.861
79.0541	234.861
79.0541	234.861
80.0548	231.443
80.0548	231.443
80.0548	231.443
80.0548	231.443
80.0548	231.443
80.0548	231.443
80.0548	231.443
80.0548	231.443
81.0555	228.495
81.0555	228.495
81.0555	228.495
81.0555	228.495
81.0555	228.495
81.0555	228.495
81.0555	228.495
81.0555	228.495
82.0562	225.902
82.0562	225.902
82.0562	225.902
82.0562	225.902
82.0562	225.902
82.0562	225.902
82.0562	225.902
82.0562	225.902
83.0568	223.52
83.0568	223.52
83.0568	223.52
83.0568	223.52
83.0568	223.52
83.0568	223.52
83.0568	223.52
83.0568	223.52
84.0575	221.285
84.0575	221.285
84.0575	221.285
84.0575	221.285
84.0575	221.285
84.0575	221.285
84.0575	221.285
84.0575	221.285
85.0582	219.21
85.0582	219.21
85.0582	219.21
85.0582	219.21
85.0582	219.21
85.0582	219.21
85.0582	219.21
85.0582	219.21
86.0589	217.314
86.0589	217.314
86.0589	217.314
86.0589	217.314
86.0589	217.314
86.0589	217.314
86.0589	217.314
86.0589	217.314
87.0596	215.578
87.0596	215.578
87.0596	215.578
87.0596	215.578
87.0596	215.578
87.0596	215.578
87.0596	215.578
87.0596	215.578
88.0603	213.956
88.0603	213.956
88.0603	213.956
88.0603	213.956
88.0603	213.956
88.0603	213.956
88.0603	213.956
88.0603	213.956
89.061	212.406
89.061	212.406
89.061	212.406
89.061	212.406
89.061	212.406
89.061	212.406
89.061	212.406
89.061	212.406
90.0616	210.903
90.0616	210.903
90.0616	210.903
90.0616	210.903
90.0616	210.903
90.0616	210.903
90.0616	210.903
90.0616	210.903
91.0623	209.43
91.0623	209.43
91.0623	209.43
91.0623	209.43
91.0623	209.43
91.0623	209.43
91.0623	209.43
91.0623	209.43
92.063	207.972
92.063	207.972
92.063	207.972
92.063	207.972
92.063	207.972
92.063	207.972
92.063	207.972
92.063	207.972
93.0637	206.507
93.0637	206.507
93.0637	206.507
93.0637	206.507
93.0637	206.507
93.0637	206.507
93.0637	206.507
93.0637	206.507
94.0644	205.02
94.0644	205.02
94.0644	205.02
94.0644	205.02
94.0644	205.02
94.0644	205.02
94.0644	205.02
94.0644	205.02
95.0651	203.525
95.0651	203.525
95.0651	203.525
95.0651	203.525
95.0651	203.525
95.0651	203.525
95.0651	203.525
95.0651	203.525
96.0658	202.056
96.0658	202.056
96.0658	202.056
96.0658	202.056
96.0658	202.056
96.0658	202.056
96.0658	202.056
96.0658	202.056
97.0664	200.648
97.0664	200.648
97.0664	200.648
97.0664	200.648
97.0664	200.648
97.0664	200.648
97.0664	200.648
97.0664	200.648
98.0671	199.315
98.0671	199.315
98.0671	199.315
98.0671	199.315
98.0671	199.315
98.0671	199.315
98.0671	199.315
98.0671	199.315
99.0678	198.047
99.0678	198.047
99.0678	198.047
99.0678	198.047
99.0678	198.047
99.0678	198.047
99.0678	198.047
99.0678	198.047
100.068	196.823
100.068	196.823
100.068	196.823
100.068	196.823
100.068	196.823
100.068	196.823
100.068	196.823
100.068	196.823
0	5
0	5
0	5
0	5
0	5
0	5
0	5
0	5
1.00068	974.442
1.00068	974.442
1.00068	974.442
1.00068	974.442
1.00068	974.442
1.00068	974.442
1.00068	974.442
1.00068	974.442
2.00137	969.964
2.00137	969.964
2.00137	969.964
2.00137	969.964
2.00137	969.964
2.00137	969.964
2.00137	969.964
2.00137	969.964
3.00205	961.851
3.00205	961.851
3.00205	961.851
3.00205	961.851
3.00205	961.851
3.00205	961.851
3.00205	961.851
3.00205	961.851
4.00274	949.628
4.00274	949.628
4.00274	949.628
4.00274	949.628
4.00274	949.628
4.00274	949.628
4.00274	949.628
4.00274	949.628
5.00342	935.317
5.00342	935.317
5.00342	935.317
5.00342	935.317
5.00342	935.317
5.00342	935.317
5.00342	935.317
5.00342	935.317
6.00411	920.466
6.00411	920.466
6.00411	920.466
6.00411	920.466
6.00411	920.466
6.00411	920.466
6.00411	920.466
6.00411	920.466
7.00479	326.171
7.00479	326.171
7.00479	326.171
7.00479	326.171
7.00479	326.171
7.00479	326.171
7.00479	326.171
7.00479	326.171
8.00548	319.895
8.00548	319.895
8.00548	319.895
8.00548	319.895
8.00548	319.895
8.00548	319.895
8.00548	319.895
8.00548	319.895
9.00616	318.535
9.00616	318.535
9.00616	318.535
9.00616	318.535
9.00616	318.535
9.00616	318.535
9.00616	318.535
9.00616	318.535
10.0068	321.15
10.0068	321.15
10.0068	321.15
10.0068	321.15
10.0068	321.15
10.0068	321.15
10.0068	321.15
10.0068	321.15
11.0075	325.978
11.0075	325.978
11.0075	325.978
11.0075	325.978
11.0075	325.978
11.0075	325.978
11.0075	325.978
11.0075	325.978
12.0082	328.615
12.0082	328.615
12.0082	328.615
12.0082	328.615
12.0082	328.615
12.0082	328.615
12.0082	328.615
12.0082	328.615
13.0089	332.772
13.0089	332.772
13.0089	332.772
13.0089	332.772
13.0089	332.772
13.0089	332.772
13.0089	332.772
13.0089	332.772
14.0096	336.488
14.0096	336.488
14.0096	336.488
14.0096	336.488
14.0096	336.488
14.0096	336.488
14.0096	336.488
14.0096	336.488
15.0103	337.254
15.0103	337.254
15.0103	337.254
15.0103	337.254
15.0103	337.254
15.0103	337.254
15.0103	337.254
15.0103	337.254
16.011	337.338
16.011	337.338
16.011	337.338
16.011	337.338
16.011	337.338
16.011	337.338
16.011	337.338
16.011	337.338
17.0116	336.996
17.0116	336.996
17.0116	336.996
17.0116	336.996
17.0116	336.996
17.0116	336.996
17.0116	336.996
17.0116	336.996
18.0123	336.131
18.0123	336.131
18.0123	336.131
18.0123	336.131
18.0123	336.131
18.0123	336.131
18.0123	336.131
18.0123	336.131
19.013	334.634
19.013	334.634
19.013	334.634
19.013	334.634
19.013	334.634
19.013	334.634
19.013	334.634
19.013	334.634
20.0137	333.51
20.0137	333.51
20.0137	333.51
20.0137	333.51
20.0137	333.51
20.0137	333.51
20.0137	333.51
20.0137	333.51
21.0144	333.432
21.0144	333.432
21.0144	333.432
21.0144	333.432
21.0144	333.432
21.0144	333.432
21.0144	333.432
21.0144	333.432
22.0151	333.253
22.0151	333.253
22.0151	333.253
22.0151	333.253
22.0151	333.253
22.0151	333.253
22.0151	333.253
22.0151	333.253
23.0158	333.078
23.0158	333.078
23.0158	333.078
23.0158	333.078
23.0158	333.078
23.0158	333.078
23.0158	333.078
23.0158	333.078
24.0164	333.156
24.0164	333.156
24.0164	333.156
24.0164	333.156
24.0164	333.156
24.0164	333.156
24.0164	333.156
24.0164	333.156
25.0171	333.338
25.0171	333.338
25.0171	333.338
25.0171	333.338
25.0171	333.338
25.0171	333.338
25.0171	333.338
25.0171	333.338
26.0178	332.083
26.0178	332.083
26.0178	332.083
26.0178	332.083
26.0178	332.083
26.0178	332.083
26.0178	332.083
26.0178	332.083
27.0185	330.018
27.0185	330.018
27.0185	330.018
27.0185	330.018
27.0185	330.018
27.0185	330.018
27.0185	330.018
27.0185	330.018
28.0192	328.487
28.0192	328.487
28.0192	328.487
28.0192	328.487
28.0192	328.487
28.0192	328.487
28.0192	328.487
28.0192	328.487
29.0199	328.482
29.0199	328.482
29.0199	328.482
29.0199	328.482
29.0199	328.482
29.0199	328.482
29.0199	328.482
29.0199	328.482
30.0205	330.061
30.0205	330.061
30.0205	330.061
30.0205	330.061
30.0205	330.061
30.0205	330.061
30.0205	330.061
30.0205	330.061
31.0212	330.905
31.0212	330.905
31.0212	330.905
31.0212	330.905
31.0212	330.905
31.0212	330.905
31.0212	330.905
31.0212	330.905
32.0219	330.038
32.0219	330.038
32.0219	330.038
32.0219	330.038
32.0219	330.038
32.0219	330.038
32.0219	330.038
32.0219	330.038
33.0226	328.688
33.0226	328.688
33.0226	328.688
33.0226	328.688
33.0226	328.688
33.0226	328.688
33.0226	328.688
33.0226	328.688
34.0233	327.364
34.0233	327.364
34.0233	327.364
34.0233	327.364
34.0233	327.364
34.0233	327.364
34.0233	327.364
34.0233	327.364
35.024	326.224
35.024	326.224
35.024	326.224
35.024	326.224
35.024	326.224
35.024	326.224
35.024	326.224
35.024	326.224
36.0247	325.147
36.0247	325.147
36.0247	325.147
36.0247	325.147
36.0247	325.147
36.0247	325.147
36.0247	325.147
36.0247	325.147
37.0253	324.176
37.0253	324.176
37.0253	324.176
37.0253	324.176
37.0253	324.176
37.0253	324.176
37.0253	324.176
37.0253	324.176
38.026	323.153
38.026	323.153
38.026	323.153
38.026	323.153
38.026	323.153
38.026	323.153
38.026	323.153
38.026	323.153
39.0267	322.168
39.0267	322.168
39.0267	322.168
39.0267	322.168
39.0267	322.168
39.0267	322.168
39.0267	322.168
39.0267	322.168
40.0274	321.182
40.0274	321.182
40.0274	321.182
40.0274	321.182
40.0274	321.182
40.0274	321.182
40.0274	321.182
40.0274	321.182
41.0281	319.707
41.0281	319.707
41.0281	319.707
41.0281	319.707
41.0281	319.707
41.0281	319.707
41.0281	319.707
41.0281	319.707
42.0288	317.412
42.0288	317.412
42.0288	317.412
42.0288	317.412
42.0288	317.412
42.0288	317.412
42.0288	317.412
42.0288	317.412
43.0295	312.112
43.0295	312.112
43.0295	312.112
43.0295	312.112
43.0295	312.112
43.0295	312.112
43.0295	312.112
43.0295	312.112
44.0301	301.151
44.0301	301.151
44.0301	301.151
44.0301	301.151
44.0301	301.151
44.0301	301.151
44.0301	301.151
44.0301	301.151
45.0308	297.634
45.0308	297.634
45.0308	297.634
45.0308	297.634
45.0308	297.634
45.0308	297.634
45.0308	297.634
45.0308	297.634
46.0315	299.066
46.0315	299.066
46.0315	299.066
46.0315	299.066
46.0315	299.066
46.0315	299.066
46.0315	299.066
46.0315	299.066
47.0322	300.454
47.0322	300.454
47.0322	300.454
47.0322	300.454
47.0322	300.454
47.0322	300.454
47.0322	300.454
47.0322	300.454
48.0329	302.083
48.0329	302.083
48.0329	302.083
48.0329	302.083
48.0329	302.083
48.0329	302.083
48.0329	302.083
48.0329	302.083
49.0336	303.074
49.0336	303.074
49.0336	303.074
49.0336	303.074
49.0336	303.074
49.0336	303.074
49.0336	303.074
49.0336	303.074
50.0342	303.308
50.0342	303.308
50.0342	303.308
50.0342	303.308
50.0342	303.308
50.0342	303.308
50.0342	303.308
50.0342	303.308
51.0349	303.137
51.0349	303.137
51.0349	303.137
51.0349	303.137
51.0349	303.137
51.0349	303.137
51.0349	303.137
51.0349	303.137
52.0356	302.96
52.0356	302.96
52.0356	302.96
52.0356	302.96
52.0356	302.96
52.0356	302.96
52.0356	302.96
52.0356	302.96
53.0363	303.009
53.0363	303.009
53.0363	303.009
53.0363	303.009
53.0363	303.009
53.0363	303.009
53.0363	303.009
53.0363	303.009
54.037	303.214
54.037	303.214
54.037	303.214
54.037	303.214
54.037	303.214
54.037	303.214
54.037	303.214
54.037	303.214
55.0377	303.372
55.0377	303.372
55.0377	303.372
55.0377	303.372
55.0377	303.372
55.0377	303.372
55.0377	303.372
55.0377	303.372
56.0384	303.442
56.0384	303.442
56.0384	303.442
56.0384	303.442
56.0384	303.442
56.0384	303.442
56.0384	303.442
56.0384	303.442
57.039	303.516
57.039	303.516
57.039	303.516
57.039	303.516
57.039	303.516
57.039	303.516
57.039	303.516
57.039	303.516
58.0397	303.623
58.0397	303.623
58.0397	303.623
58.0397	303.623
58.0397	303.623
58.0397	303.623
58.0397	303.623
58.0397	303.623
59.0404	303.532
59.0404	303.532
59.0404	303.532
59.0404	303.532
59.0404	303.532
59.0404	303.532
59.0404	303.532
59.0404	303.532
60.0411	302.973
60.0411	302.973
60.0411	302.973
60.0411	302.973
60.0411	302.973
60.0411	302.973
60.0411	302.973
60.0411	302.973
61.0418	302.725
61.0418	302.725
61.0418	302.725
61.0418	302.725
61.0418	302.725
61.0418	302.725
61.0418	302.725
61.0418	302.725
62.0425	302.737
62.0425	302.737
62.0425	302.737
62.0425	302.737
62.0425	302.737
62.0425	302.737
62.0425	302.737
62.0425	302.737
63.0432	301.966
63.0432	301.966
63.0432	301.966
63.0432	301.966
63.0432	301.966
63.0432	301.966
63.0432	301.966
63.0432	301.966
64.0438	302.411
64.0438	302.411
64.0438	302.411
64.0438	302.411
64.0438	302.411
64.0438	302.411
64.0438	302.411
64.0438	302.411
65.0445	304.261
65.0445	304.261
65.0445	304.261
65.0445	304.261
65.0445	304.261
65.0445	304.261
65.0445	304.261
65.0445	304.261
66.0452	305.987
66.0452	305.987
66.0452	305.987
66.0452	305.987
66.0452	305.987
66.0452	305.987
66.0452	305.987
66.0452	305.987
67.0459	307.209
67.0459	307.209
67.0459	307.209
67.0459	307.209
67.0459	307.209
67.0459	307.209
67.0459	307.209
67.0459	307.209
68.0466	308.962
68.0466	308.962
68.0466	308.962
68.0466	308.962
68.0466	308.962
68.0466	308.962
68.0466	308.962
68.0466	308.962
69.0473	308.808
69.0473	308.808
69.0473	308.808
69.0473	308.808
69.0473	308.808
69.0473	308.808
69.0473	308.808
69.0473	308.808
70.0479	303.84
70.0479	303.84
70.0479	303.84
70.0479	303.84
70.0479	303.84
70.0479	303.84
70.0479	303.84
70.0479	303.84
71.0486	296.266
71.0486	296.266
71.0486	296.266
71.0486	296.266
71.0486	296.266
71.0486	296.266
71.0486	296.266
71.0486	296.266
72.0493	287.702
72.0493	287.702
72.0493	287.702
72.0493	287.702
72.0493	287.702
72.0493	287.702
72.0493	287.702
72.0493	287.702
73.05	278.302
73.05	278.302
73.05	278.302
73.05	278.302
73.05	278.302
73.05	278.302
73.05	278.302
73.05	278.302
74.0507	268.677
74.0507	268.677
74.0507	268.677
74.0507	268.677
74.0507	268.677
74.0507	268.677
74.0507	268.677
74.0507	268.677
75.0514	260.627
75.0514	260.627
75.0514	260.627
75.0514	260.627
75.0514	260.627
75.0514	260.627
75.0514	260.627
75.0514	260.627
76.0521	253.617
76.0521	253.617
76.0521	253.617
76.0521	253.617
76.0521	253.617
76.0521	253.617
76.0521	253.617
76.0521	253.617
77.0527	246.089
77.0527	246.089
77.0527	246.089
77.0527	246.089
77.0527	246.089
77.0527	246.089
77.0527	246.089
77.0527	246.089
78.0534	239.965
78.0534	239.965
78.0534	239.965
78.0534	239.965
78.0534	239.965
78.0534	239.965
78.0534	239.965
78.0534	239.965
79.0541	236.318
79.0541	236.318
79.0541	236.318
79.0541	236.318
79.0541	236.318
79.0541	236.318
79.0541	236.318
79.0541	236.318
80.0548	233.539
80.0548	233.539
80.0548	233.539
80.0548	233.539
80.0548	233.539
80.0548	233.539
80.0548	233.539
80.0548	233.539
81.0555	231.206
81.0555	231.206
81.0555	231.206
81.0555	231.206
81.0555	231.206
81.0555	231.206
81.0555	231.206
81.0555	231.206
82.0562	228.968
82.0562	228.968
82.0562	228.968
82.0562	228.968
82.0562	228.968
82.0562	228.968
82.0562	228.968
82.0562	228.968
83.0568	226.738
83.0568	226.738
83.0568	226.738
83.0568	226.738
83.0568	226.738
83.0568	226.738
83.0568	226.738
83.0568	226.738
84.0575	224.551
84.0575	224.551
84.0575	224.551
84.0575	224.551
84.0575	224.551
84.0575	224.551
84.0575	224.551
84.0575	224.551
85.0582	222.479
85.0582	222.479
85.0582	222.479
85.0582	222.479
85.0582	222.479
85.0582	222.479
85.0582	222.479
85.0582	222.479
86.0589	220.558
86.0589	220.558
86.0589	220.558
86.0589	220.558
86.0589	220.558
86.0589	220.558
86.0589	220.558
86.0589	220.558
87.0596	218.764
87.0596	218.764
87.0596	218.764
87.0596	218.764
87.0596	218.764
87.0596	218.764
87.0596	218.764
87.0596	218.764
88.0603	217.051
88.0603	217.051
88.0603	217.051
88.0603	217.051
88.0603	217.051
88.0603	217.051
88.0603	217.051
88.0603	217.051
89.061	215.382
89.061	215.382
89.061	215.382
89.061	215.382
89.061	215.382
89.061	215.382
89.061	215.382
89.061	215.382
90.0616	213.745
90.0616	213.745
90.0616	213.745
90.0616	213.745
90.0616	213.745
90.0616	213.745
90.0616	213.745
90.0616	213.745
91.0623	212.135
91.0623	212.135
91.0623	212.135
91.0623	212.135
91.0623	212.135
91.0623	212.135
91.0623	212.135
91.0623	212.135
92.063	210.541
92.063	210.541
92.063	210.541
92.063	210.541
92.063	210.541
92.063	210.541
92.063	210.541
92.063	210.541
93.0637	208.942
93.0637	208.942
93.0637	208.942
93.0637	208.942
93.0637	208.942
93.0637	208.942
93.0637	208.942
93.0637	208.942
94.0644	207.334
94.0644	207.334
94.0644	207.334
94.0644	207.334
94.0644	207.334
94.0644	207.334
94.0644	207.334
94.0644	207.334
95.0651	205.741
95.0651	205.741
95.0651	205.741
95.0651	205.741
95.0651	205.741
95.0651	205.741
95.0651	205.741
95.0651	205.741
96.0658	204.201
96.0658	204.201
96.0658	204.201
96.0658	204.201
96.0658	204.201
96.0658	204.201
96.0658	204.201
96.0658	204.201
97.0664	202.747
97.0664	202.747
97.0664	202.747
97.0664	202.747
97.0664	202.747
97.0664	202.747
97.0664	202.747
97.0664	202.747
98.0671	201.381
98.0671	201.381
98.0671	201.381
98.0671	201.381
98.0671	201.381
98.0671	201.381
98.0671	201.381
98.0671	201.381
99.0678	200.087
99.0678	200.087
99.0678	200.087
99.0678	200.087
99.0678	200.087
99.0678	200.087
99.0678	200.087
99.0678	200.087
100.068	198.838
100.068	198.838
100.068	198.838
100.068	198.838
100.068	198.838
100.068	198.838
100.068	198.838
100.068	198.838
